# time0_transmit N0 E0 U0 sigN0 sigE0 sigU0 time1_receive N1 E1 U1 sigN1 sigE1 sigU1 TWTT(s)
# transmit/receive times in seconds after 2020-1-1 00:00:00 (UTC)
# Topocentric coordinates: Lat0=32.8668445 deg., Lon0=-117.2701205 deg., H0=-88.738 m 
 61324378.0000000   -92.0946   -13.4759    53.0981 0.0164 0.0143 0.0174  61324378.2230790   -91.9765   -13.6448    53.2092 0.0164 0.0143 0.0174  0.1430790
 61324418.0000000   -81.5177   -41.3688    53.4146 0.0162 0.0142 0.0172  61324418.2213140   -81.4639   -41.4544    53.4061 0.0162 0.0142 0.0172  0.1413140
 61324498.0000000   -49.7776   -87.3865    52.7972 0.0156 0.0136 0.0166  61324498.2316170   -49.6162   -87.4779    52.8183 0.0156 0.0136 0.0166  0.1516170
 61324528.0000000   -29.4804   -93.1378    53.3740 0.0157 0.0136 0.0166  61324528.2285259   -29.3206   -93.1635    53.2622 0.0157 0.0136 0.0166  0.1485260
 61324618.0000000    40.0871   -94.9398    53.4608 0.0156 0.0135 0.0165  61324618.2349069    40.1361   -94.8315    53.5843 0.0156 0.0135 0.0165  0.1549070
 61324638.0000000    44.4928   -82.9487    53.2041 0.0155 0.0135 0.0164  61324638.2245798    44.4891   -82.7256    53.3283 0.0155 0.0135 0.0164  0.1445800
 61324678.0000000    50.6366   -58.4481    53.0845 0.0155 0.0135 0.0165  61324678.2051229    50.6882   -58.3354    53.0884 0.0155 0.0135 0.0165  0.1251230
 61324738.0000000    72.9301   -26.0275    53.8240 0.0159 0.0136 0.0167  61324738.2058558    72.9904   -25.8461    53.7200 0.0159 0.0136 0.0167  0.1258560
 61324748.0000000    78.0461   -21.7313    53.3856 0.0158 0.0135 0.0165  61324748.2096388    78.2143   -21.5759    53.4337 0.0158 0.0135 0.0165  0.1296390
 61324798.0000000    82.6668     4.2169    53.4752 0.0154 0.0134 0.0163  61324798.2115078    82.6527     4.3488    53.3957 0.0154 0.0134 0.0163  0.1315080
 61324858.0000000    58.7141    30.0069    53.0627 0.0154 0.0134 0.0163  61324858.1929879    58.6593    30.0209    53.0377 0.0154 0.0134 0.0163  0.1129880
 61324918.0000000    43.4606    60.4305    53.2945 0.0154 0.0134 0.0162  61324918.2022541    43.5052    60.5102    53.2473 0.0154 0.0134 0.0162  0.1222540
 61324968.0000000    18.2391    66.8901    52.4942 0.0152 0.0133 0.0161  61324968.1959970    18.1377    66.6984    52.3829 0.0153 0.0133 0.0161  0.1159970
 61324978.0000000    11.6068    64.8979    53.4622 0.0153 0.0133 0.0162  61324978.1934059    11.5266    64.9304    53.4800 0.0153 0.0133 0.0162  0.1134060
 61325078.0000000   -33.3348    63.4855    53.0600 0.0151 0.0132 0.0159  61325078.1991639   -33.3637    63.4898    53.1086 0.0151 0.0132 0.0159  0.1191640
 61325566.0000000    52.1655   -77.7172    53.3716 0.0154 0.0136 0.0163  61325566.2237871    52.2762   -77.6185    53.3354 0.0154 0.0136 0.0163  0.1437870
 61325786.0000000    66.1489     7.9986    53.1846 0.0148 0.0131 0.0156  61325786.1937549    66.0649     8.0545    53.1270 0.0148 0.0131 0.0156  0.1137550
 61325896.0000000    44.8878    52.9880    52.9179 0.0146 0.0129 0.0154  61325896.1965768    44.8692    53.0005    52.9195 0.0146 0.0129 0.0154  0.1165770
 61326007.0000000     6.8097    73.8443    53.0928 0.0146 0.0129 0.0153  61326007.2017870     6.7064    73.7791    53.0529 0.0146 0.0129 0.0153  0.1217870
 61326117.0000000   -48.2345    62.4286    53.0742 0.0149 0.0132 0.0157  61326117.2070692   -48.3083    62.3730    53.1592 0.0149 0.0132 0.0157  0.1270690
 61326227.0000000   -94.4527     9.3037    52.7040 0.0144 0.0128 0.0151  61326227.2250171   -94.5164     9.0711    52.7956 0.0144 0.0128 0.0151  0.1450170
 61326337.0000000   -69.5889   -58.4616    53.6788 0.0147 0.0131 0.0154  61326337.2209158   -69.5544   -58.5711    53.5720 0.0147 0.0131 0.0154  0.1409160
 61326447.0000000   -10.2478   -90.8045    53.2006 0.0147 0.0131 0.0154  61326447.2211509   -10.1190   -90.8840    53.1429 0.0147 0.0131 0.0154  0.1411510
 61326557.0000000    46.8769   -81.3924    53.1409 0.0145 0.0129 0.0152  61326557.2240269    46.9879   -81.3451    53.1396 0.0145 0.0129 0.0152  0.1440270
 61326777.0000000    63.6551    11.6153    52.9799 0.0144 0.0129 0.0151  61326777.1916361    63.5687    11.6630    52.9810 0.0144 0.0129 0.0151  0.1116360
 61326887.0000000    41.9484    53.5103    53.6507 0.0143 0.0128 0.0150  61326887.1956489    41.8834    53.6856    53.5810 0.0143 0.0128 0.0150  0.1156490
 61326997.0000000     1.4589    71.2542    53.2410 0.0157 0.0134 0.0160  61326997.1988590     1.3555    71.2519    53.2653 0.0156 0.0134 0.0160  0.1188590
 61327107.0000000   -53.0696    55.9860    52.3496 0.0144 0.0129 0.0150  61327107.2044892   -53.1230    55.6986    52.3981 0.0144 0.0129 0.0150  0.1244890
 61327217.0000000   -92.2484     1.2255    53.0745 0.0142 0.0127 0.0148  61327217.2221148   -92.1597     1.1198    53.1385 0.0142 0.0127 0.0148  0.1421150
 61327327.0000000   -54.8745   -54.5051    53.1782 0.0142 0.0128 0.0148  61327327.2052472   -54.7212   -54.5233    53.1733 0.0141 0.0127 0.0148  0.1252470
 61327437.0000000    19.9080   -51.2691    53.4200 0.0146 0.0130 0.0152  61327437.1823628    19.9345   -51.2562    53.4692 0.0146 0.0130 0.0152  0.1023630
 61327547.0000000    42.0075   -28.3086    53.4448 0.0144 0.0129 0.0150  61327547.1782289    41.9644   -28.0871    53.4686 0.0144 0.0129 0.0150  0.0982290
 61327657.0000000    34.0602    29.0663    53.0818 0.0143 0.0128 0.0149  61327657.1726780    34.0110    29.1018    52.9855 0.0143 0.0128 0.0149  0.0926780
 61327767.0000000    -7.0835    41.5480    53.2773 0.0138 0.0124 0.0144  61327767.1707530    -7.1842    41.5042    53.3213 0.0138 0.0124 0.0144  0.0907530
 61327877.0000000   -51.1111    14.9580    53.4887 0.0136 0.0124 0.0142  61327877.1807892   -51.0753    14.9668    53.5158 0.0136 0.0124 0.0142  0.1007890
 61327987.0000000   -47.9019   -53.7981    53.3183 0.0136 0.0123 0.0141  61327987.1995828   -47.7425   -53.8357    53.3259 0.0136 0.0123 0.0141  0.1195830
 61328097.0000000    22.0000   -56.5724    52.9381 0.0140 0.0129 0.0147  61328097.1875300    22.0828   -56.6215    52.8994 0.0140 0.0128 0.0147  0.1075300
 61328207.0000000    44.6866   -19.4006    52.8946 0.0142 0.0129 0.0148  61328207.1761260    44.7945   -19.3882    52.9658 0.0142 0.0129 0.0148  0.0961260
 61328317.0000000    93.9953     6.6302    53.6654 0.0139 0.0126 0.0144  61328317.2247391    93.8762     6.9059    53.7559 0.0139 0.0126 0.0144  0.1447390
 61328427.0000000    45.1384    36.1433    53.5402 0.0139 0.0126 0.0144  61328427.1852200    45.0223    36.2944    53.5375 0.0139 0.0126 0.0144  0.1052200
 61328537.0000000    26.6644    86.5554    53.3670 0.0137 0.0125 0.0143  61328537.2204440    26.6474    86.6505    53.3900 0.0137 0.0125 0.0143  0.1404440
 61328867.0000000   -90.4411   105.5200    53.0870 0.0144 0.0133 0.0149  61328867.2787640   -90.6599   105.3089    53.2418 0.0144 0.0133 0.0149  0.1987640
 61328977.0000000  -133.9050    53.3853    53.5629 0.0136 0.0124 0.0141  61328977.2853918  -133.9343    53.4122    53.5940 0.0136 0.0124 0.0142  0.2053920
 61329087.0000000  -150.5805   -20.6277    53.4186 0.0137 0.0125 0.0142  61329087.2951322  -150.5054   -20.5212    53.5796 0.0137 0.0125 0.0142  0.2151320
 61329197.0000000  -126.6081   -89.6275    52.9292 0.0136 0.0124 0.0141  61329197.2989190  -126.5745   -89.8461    52.9290 0.0136 0.0124 0.0142  0.2189190
 61329307.0000000   -71.9702  -144.0547    52.8688 0.0137 0.0124 0.0142  61329307.3062761   -71.6886  -144.3135    52.6818 0.0136 0.0124 0.0141  0.2262760
 61329857.0000000    85.4863     9.9526    53.3524 0.0143 0.0129 0.0149  61329857.2151940    85.4171    10.0147    53.4614 0.0143 0.0129 0.0149  0.1351940
 61329967.0000000    39.7659    59.4182    53.0855 0.0143 0.0129 0.0149  61329967.1989348    39.7826    59.4633    53.1106 0.0143 0.0129 0.0149  0.1189350
 61330077.0000000    -8.2031    76.4291    53.2905 0.0150 0.0136 0.0157  61330077.2048879    -8.3426    76.4099    53.3297 0.0151 0.0136 0.0157  0.1248880
 61330187.0000000   -60.8992    55.4364    53.3826 0.0149 0.0134 0.0156  61330187.2110150   -60.9785    55.3766    53.3792 0.0149 0.0134 0.0156  0.1310150
 61330407.0000000   -59.9508   -71.4635    53.3610 0.0147 0.0133 0.0154  61330407.2234941   -59.8911   -71.6687    53.2887 0.0147 0.0133 0.0154  0.1434940
 61330517.0000000     6.8666   -97.7442    53.6618 0.0154 0.0137 0.0161  61330517.2291050     7.0404   -97.7133    53.6851 0.0154 0.0137 0.0161  0.1491050
 61330635.0000000    53.7453   -56.2438    53.4617 0.0153 0.0136 0.0160  61330635.2059438    53.8053   -56.1280    53.4601 0.0153 0.0136 0.0160  0.1259440
 61330745.0000000    88.7444   -11.4627    53.8601 0.0155 0.0138 0.0162  61330746.3928959    89.2796    -9.8068    53.9236 0.0154 0.0137 0.0161  1.3128960
 61330855.0000000    51.6792    38.3703    53.4863 0.0156 0.0139 0.0164  61330855.1916831    51.6368    38.3946    53.4214 0.0156 0.0139 0.0163  0.1116830
 61330965.0000000     8.2143    76.8562    53.7157 0.0152 0.0135 0.0159  61330965.2057321     8.0689    76.9380    53.7351 0.0152 0.0136 0.0159  0.1257320
 61331075.0000000   -50.0043    66.4665    53.5093 0.0154 0.0137 0.0161  61331075.2120819   -50.0918    66.3834    53.5467 0.0154 0.0137 0.0161  0.1320820
 61331185.0000000   -95.5131    14.1494    53.4760 0.0155 0.0138 0.0163  61331185.2277219   -95.6063    14.0005    53.4122 0.0155 0.0139 0.0163  0.1477220
 61331295.0000000   -83.7684   -54.5481    53.5057 0.0151 0.0135 0.0159  61331295.2313218   -83.6651   -54.6893    53.4343 0.0152 0.0135 0.0159  0.1513220
 61331405.0000000   -31.3077   -86.5449    53.1617 0.0153 0.0137 0.0161  61331405.2218199   -31.1317   -86.5917    53.1632 0.0153 0.0137 0.0161  0.1418200
 61331515.0000000    31.9570   -82.1949    53.4195 0.0154 0.0138 0.0162  61331515.2176058    32.0651   -82.2727    53.3707 0.0154 0.0138 0.0162  0.1376060
 61331625.0000000    69.3989   -38.5213    53.3868 0.0151 0.0135 0.0159  61331625.2076540    69.4013   -38.4386    53.5164 0.0151 0.0135 0.0159  0.1276540
 61331739.0000000    72.2900    17.4604    53.3453 0.0151 0.0135 0.0158  61331739.2021201    72.2056    17.5090    53.3408 0.0151 0.0135 0.0158  0.1221200
 61331849.0000000    37.9667    71.4241    53.7699 0.0154 0.0138 0.0162  61331849.2097578    37.8852    71.5227    53.7161 0.0154 0.0138 0.0162  0.1297580
