# time0_transmit N0 E0 U0 sigN0 sigE0 sigU0 time1_receive N1 E1 U1 sigN1 sigE1 sigU1 TWTT(s)
# transmit/receive times in seconds after 2020-1-1 00:00:00 (UTC)
# Topocentric coordinates: Lat0=32.8668445 deg., Lon0=-117.2701205 deg., H0=-88.738 m 
 51903084.0000000   -89.9864   -17.3348    53.6073 0.0177 0.0156 0.0186  51903084.3416381   -89.8626   -17.4587    53.6168 0.0177 0.0156 0.0187  0.1416380
 51903094.0000000   -87.2129   -19.1841    53.5591 0.0176 0.0155 0.0186  51903094.3389010   -87.0320   -19.2476    53.6460 0.0176 0.0155 0.0186  0.1389010
 51903104.0000000   -84.1441   -20.4223    53.7951 0.0174 0.0154 0.0184  51903104.3359699   -84.0221   -20.4452    53.7901 0.0174 0.0154 0.0184  0.1359700
 51903114.0000000   -81.6733   -21.2917    53.6602 0.0176 0.0156 0.0186  51903114.3334599   -81.6140   -21.2929    53.7585 0.0176 0.0156 0.0186  0.1334600
 51903124.0000000   -79.0152   -22.5621    53.6597 0.0176 0.0155 0.0185  51903124.3310051   -78.9570   -22.6426    53.7044 0.0176 0.0155 0.0185  0.1310050
 51903134.0000000   -77.0318   -23.7896    53.7994 0.0174 0.0153 0.0183  51903134.3292422   -76.9187   -23.8772    53.7400 0.0174 0.0154 0.0184  0.1292420
 51903144.0000000   -75.1608   -26.0076    53.4580 0.0176 0.0156 0.0186  51903144.3279068   -75.0586   -26.1721    53.5236 0.0176 0.0156 0.0186  0.1279070
 51903154.0000000   -72.0354   -28.4135    53.8884 0.0176 0.0155 0.0185  51903154.3258061   -71.8725   -28.5004    53.8349 0.0176 0.0155 0.0185  0.1258060
 51903164.0000000   -68.3813   -29.8633    53.9120 0.0174 0.0153 0.0183  51903164.3226779   -68.1656   -29.8627    53.8303 0.0174 0.0153 0.0183  0.1226780
 51903174.0000000   -64.1733   -30.9972    53.5669 0.0176 0.0155 0.0186  51903174.3189359   -64.1122   -31.0140    53.6307 0.0176 0.0155 0.0186  0.1189360
 51903184.0000000   -61.2620   -32.6094    53.8654 0.0176 0.0155 0.0185  51903184.3171849   -61.2122   -32.6569    53.9240 0.0175 0.0155 0.0185  0.1171850
 51903194.0000000   -59.5112   -34.4702    53.7283 0.0173 0.0153 0.0183  51903194.3164222   -59.4711   -34.5533    53.6969 0.0174 0.0153 0.0183  0.1164220
 51903204.0000000   -57.1817   -36.5776    53.6168 0.0176 0.0155 0.0186  51903204.3153961   -57.1405   -36.7126    53.6214 0.0176 0.0155 0.0186  0.1153960
 51903214.0000000   -54.9278   -38.0750    53.7853 0.0175 0.0155 0.0185  51903214.3144808   -54.8106   -38.0900    53.8221 0.0175 0.0155 0.0185  0.1144810
 51903224.0000000   -52.1607   -38.9176    53.7734 0.0173 0.0153 0.0183  51903224.3125489   -51.8917   -39.0058    53.7463 0.0173 0.0153 0.0183  0.1125490
 51903234.0000000   -49.2337   -39.6800    53.8500 0.0176 0.0155 0.0186  51903234.3108239   -49.1586   -39.7121    53.8744 0.0176 0.0155 0.0186  0.1108240
 51903244.0000000   -46.3432   -41.0192    53.8660 0.0175 0.0155 0.0185  51903244.3094249   -46.2140   -41.0849    53.7943 0.0175 0.0154 0.0185  0.1094250
 51903254.0000000   -42.7707   -43.1784    53.7284 0.0173 0.0153 0.0183  51903254.3081899   -42.6922   -43.2164    53.6545 0.0173 0.0153 0.0183  0.1081900
 51903264.0000000   -39.1563   -44.3073    53.7542 0.0176 0.0155 0.0186  51903264.3065209   -38.9557   -44.4034    53.7286 0.0176 0.0155 0.0186  0.1065210
 51903274.0000000   -34.9022   -46.4519    53.7495 0.0175 0.0154 0.0185  51903274.3056068   -34.8101   -46.5022    53.7981 0.0175 0.0154 0.0185  0.1056070
 51903284.0000000   -31.9086   -48.5444    53.9137 0.0173 0.0153 0.0183  51903284.3055761   -31.7541   -48.5704    53.7618 0.0173 0.0153 0.0183  0.1055760
 51903294.0000000   -26.9477   -50.2289    53.8933 0.0176 0.0155 0.0186  51903294.3045890   -26.8202   -50.2570    53.8509 0.0176 0.0155 0.0186  0.1045890
 51903304.0000000   -23.8223   -50.7486    53.9273 0.0175 0.0154 0.0185  51903304.3036988   -23.7089   -50.7744    53.8473 0.0175 0.0154 0.0185  0.1036990
 51903314.0000000   -20.6559   -51.8828    53.8274 0.0173 0.0152 0.0182  51903314.3034248   -20.5582   -51.9074    53.8411 0.0173 0.0153 0.0183  0.1034250
 51903324.0000000   -17.4724   -53.9840    53.6682 0.0176 0.0155 0.0185  51903324.3042130   -17.4429   -54.0356    53.6478 0.0176 0.0155 0.0186  0.1042130
 51903334.0000000   -14.6901   -56.0009    53.5591 0.0175 0.0154 0.0185  51903334.3053169   -14.6489   -56.0619    53.6493 0.0175 0.0154 0.0184  0.1053170
 51903344.0000000   -11.0548   -57.7568    53.4982 0.0173 0.0152 0.0182  51903344.3061669   -10.9713   -57.8314    53.5972 0.0173 0.0152 0.0182  0.1061670
 51903354.0000000    -7.3497   -59.1227    53.9107 0.0176 0.0155 0.0185  51903354.3071928    -7.2404   -59.1265    53.8453 0.0176 0.0155 0.0185  0.1071930
 51903364.0000000    -3.8652   -60.1539    53.5203 0.0175 0.0154 0.0184  51903364.3077009    -3.7417   -60.2096    53.5301 0.0175 0.0154 0.0184  0.1077010
 51903374.0000000    -0.1825   -61.7697    53.6923 0.0173 0.0152 0.0182  51903374.3093419    -0.0788   -61.8037    53.7422 0.0173 0.0152 0.0182  0.1093420
 51903384.0000000     3.6672   -64.5643    53.6627 0.0176 0.0155 0.0185  51903384.3122101     3.7448   -64.6621    53.6089 0.0176 0.0155 0.0185  0.1122100
 51903394.0000000     7.1416   -66.8582    53.6536 0.0175 0.0154 0.0184  51903394.3148680     7.2534   -67.0103    53.7214 0.0175 0.0154 0.0184  0.1148680
 51903404.0000000    11.4853   -68.1562    54.0079 0.0173 0.0158 0.0184  51903404.3169839    11.6123   -68.1818    53.9445 0.0173 0.0158 0.0184  0.1169840
 51903414.0000000    14.7215   -69.0939    53.6674 0.0177 0.0160 0.0187  51903414.3182669    14.7460   -69.3367    53.6145 0.0180 0.0157 0.0188  0.1182670
 51903424.0000000    16.4374   -70.7069    53.8455 0.0180 0.0157 0.0188  51903424.3202159    16.6200   -70.5197    53.8487 0.0176 0.0160 0.0186  0.1202160
 51903434.0000000    17.9432   -71.8619    53.8899 0.0175 0.0158 0.0185  51903434.3219569    18.0488   -71.8699    53.9444 0.0175 0.0157 0.0185  0.1219570
 51903444.0000000    20.7293   -73.1115    53.8471 0.0176 0.0156 0.0186  51903444.3241918    20.6660   -73.1615    53.8768 0.0176 0.0155 0.0185  0.1241920
 51903454.0000000    23.7081   -73.9895    53.7652 0.0176 0.0156 0.0185  51903454.3262239    23.6406   -74.2445    53.7996 0.0175 0.0154 0.0184  0.1262240
 51903464.0000000    26.0116   -75.7010    53.9268 0.0172 0.0152 0.0182  51903464.3288760    26.1192   -75.6492    53.9881 0.0172 0.0152 0.0182  0.1288760
 51903474.0000000    29.8346   -78.2611    53.7832 0.0175 0.0154 0.0185  51903474.3328719    29.9903   -78.2779    53.6648 0.0175 0.0154 0.0185  0.1328720
 51903484.0000000    33.3153   -80.5305    53.8835 0.0175 0.0153 0.0184  51903484.3368092    33.4439   -80.5797    53.8727 0.0175 0.0153 0.0184  0.1368090
 51903494.0000000    36.7489   -81.5062    53.6809 0.0172 0.0152 0.0181  51903494.3393128    36.8501   -81.5621    53.7053 0.0173 0.0152 0.0182  0.1393130
 51903504.0000000    39.7956   -82.4593    53.6305 0.0175 0.0154 0.0185  51903504.3417902    39.9863   -82.5510    53.6808 0.0175 0.0154 0.0185  0.1417900
 51903524.0000000    47.2196   -86.1731    53.7390 0.0172 0.0152 0.0181  51903524.3494992    47.3139   -86.1940    53.7021 0.0172 0.0152 0.0181  0.1494990
 51903534.0000000    50.2045   -87.3909    53.6067 0.0175 0.0154 0.0184  51903534.3524628    50.3082   -87.4335    53.6291 0.0175 0.0154 0.0184  0.1524630
 51903544.0000000    52.3597   -88.8348    53.5555 0.0174 0.0153 0.0184  51903544.3551741    52.5191   -88.8914    53.6387 0.0174 0.0154 0.0184  0.1551740
 51903564.0000000    56.8893   -93.0000    53.8197 0.0175 0.0154 0.0184  51903564.3630009    57.0827   -93.0727    53.8564 0.0175 0.0154 0.0185  0.1630010
 51903574.0000000    60.0499   -95.1321    53.8429 0.0174 0.0153 0.0184  51903574.3664980    60.1516   -95.1872    53.7634 0.0174 0.0153 0.0183  0.1664980
 51903584.0000000    62.6350   -96.8501    53.8858 0.0172 0.0151 0.0181  51903584.3699460    62.8064   -96.8170    53.8655 0.0172 0.0151 0.0181  0.1699460
 51903594.0000000    65.6628   -97.9524    53.6854 0.0175 0.0154 0.0184  51903594.3729658    65.6472   -98.0755    53.6509 0.0175 0.0154 0.0184  0.1729660
 51903604.0000000    67.4921   -98.5539    53.9365 0.0174 0.0153 0.0183  51903604.3749268    67.6195   -98.5638    53.8920 0.0174 0.0153 0.0183  0.1749270
 51903614.0000000    69.3986   -99.0705    53.9689 0.0172 0.0151 0.0181  51903614.3768482    69.5656   -99.0892    53.9946 0.0172 0.0151 0.0181  0.1768480
 51903634.0000000    73.2673  -101.9770    53.7538 0.0174 0.0153 0.0183  51903634.3828700    73.3807  -102.0242    53.7368 0.0174 0.0153 0.0183  0.1828700
 51903664.0000000    76.9766  -107.1808    53.8148 0.0174 0.0153 0.0183  51903664.3908329    77.1606  -107.3741    53.6972 0.0174 0.0153 0.0183  0.1908330
 51903674.0000000    80.7527  -109.6895    53.8817 0.0172 0.0151 0.0180  51903674.3957560    80.7884  -109.7669    53.7202 0.0172 0.0151 0.0181  0.1957560
 51903684.0000000    83.2041  -111.3571    53.8838 0.0175 0.0153 0.0184  51903684.3992341    83.3249  -111.3927    53.7723 0.0175 0.0153 0.0184  0.1992340
 51903704.0000000    89.3293  -113.6736    53.7164 0.0172 0.0151 0.0180  51903704.4058862    89.4584  -113.7634    53.6446 0.0172 0.0151 0.0181  0.2058860
 51903774.0000000   105.7963  -125.4629    53.9552 0.0174 0.0153 0.0183  51903774.4309180   106.0122  -125.3844    53.9044 0.0174 0.0153 0.0184  0.2309180
 51903784.0000000   108.8283  -126.6938    53.8663 0.0174 0.0152 0.0183  51903784.4344652   109.0102  -126.8175    53.8582 0.0173 0.0152 0.0182  0.2344650
 51903794.0000000   110.8323  -127.3651    53.6816 0.0171 0.0150 0.0180  51903794.4365878   110.9142  -127.4212    53.6763 0.0172 0.0151 0.0180  0.2365880
 51903804.0000000   112.0655  -128.0485    53.8835 0.0174 0.0153 0.0183  51903804.4383368   112.1371  -128.1211    53.8687 0.0174 0.0153 0.0183  0.2383370
 51903814.0000000   114.2231  -129.8404    53.8832 0.0174 0.0152 0.0182  51903814.4417770   114.2929  -129.9836    53.7960 0.0174 0.0152 0.0182  0.2417770
 51903824.0000000   118.0775  -132.5875    54.0163 0.0167 0.0146 0.0175  51903824.4477310   118.3883  -132.6230    53.9104 0.0167 0.0146 0.0175  0.2477310
 51903854.0000000   129.1931  -138.2917    54.1062 0.0166 0.0146 0.0174  51903854.4630730   129.4754  -138.2946    53.9712 0.0167 0.0146 0.0175  0.2630730
 51903864.0000000   133.0810  -138.3830    53.9106 0.0169 0.0148 0.0178  51903864.4660659   133.1940  -138.1976    53.8600 0.0169 0.0148 0.0178  0.2660660
 51903874.0000000   135.0301  -137.0486    53.7844 0.0169 0.0148 0.0177  51903874.4665930   135.1652  -136.7908    53.7201 0.0168 0.0148 0.0177  0.2665930
 51903884.0000000   135.9669  -134.6717    53.8529 0.0184 0.0159 0.0193  51903884.4653420   136.1228  -134.5572    53.7773 0.0184 0.0159 0.0193  0.2653420
 51903894.0000000   138.2467  -129.2550    53.8628 0.0169 0.0148 0.0177  51903894.4624989   138.3319  -128.9472    53.9489 0.0169 0.0148 0.0177  0.2624990
 51903904.0000000   138.5257  -125.0428    53.7474 0.0173 0.0151 0.0181  51903904.4592941   138.5612  -124.8762    53.7017 0.0173 0.0150 0.0181  0.2592940
 51903914.0000000   139.2879  -119.4327    53.9032 0.0171 0.0149 0.0179  51903914.4550478   139.4105  -118.9884    53.8302 0.0171 0.0149 0.0179  0.2550480
 51903924.0000000   140.0326  -112.7891    53.9399 0.0174 0.0151 0.0182  51903924.4505091   140.1898  -112.5557    53.9401 0.0174 0.0151 0.0182  0.2505090
 51903934.0000000   142.0177  -108.2448    53.8822 0.0173 0.0150 0.0181  51903934.4488459   142.0652  -108.1138    53.8614 0.0173 0.0150 0.0181  0.2488460
 51903944.0000000   143.6435  -103.9376    53.6839 0.0170 0.0149 0.0179  51903944.4473882   143.8071  -103.8708    53.6465 0.0171 0.0149 0.0179  0.2473880
 51903954.0000000   144.7352   -99.6133    53.6665 0.0174 0.0151 0.0182  51903954.4450409   144.7885   -99.3039    53.6366 0.0173 0.0151 0.0182  0.2450410
 51903964.0000000   145.6458   -94.3739    53.9810 0.0172 0.0150 0.0181  51903964.4425089   145.8040   -94.1182    54.0349 0.0172 0.0150 0.0181  0.2425090
 51903974.0000000   147.4095   -90.3754    53.8867 0.0170 0.0148 0.0178  51903974.4416039   147.4845   -90.2522    53.8219 0.0170 0.0149 0.0179  0.2416040
 51903984.0000000   148.7803   -87.2057    53.7393 0.0173 0.0151 0.0181  51903984.4410229   148.8072   -87.0559    53.7315 0.0173 0.0151 0.0182  0.2410230
 51903994.0000000   150.3886   -82.8882    53.6540 0.0172 0.0150 0.0181  51903994.4400198   150.3752   -82.6728    53.7672 0.0172 0.0150 0.0181  0.2400200
 51904004.0000000   151.9264   -77.2283    53.7437 0.0170 0.0148 0.0178  51904004.4384229   151.9414   -77.0553    53.7612 0.0170 0.0148 0.0178  0.2384230
 51904014.0000000   153.5936   -73.8213    53.6334 0.0173 0.0151 0.0181  51904014.4385798   153.7772   -73.7284    53.6478 0.0173 0.0151 0.0181  0.2385800
 51904024.0000000   155.9134   -70.2518    53.7859 0.0172 0.0150 0.0180  51904024.4392998   156.1143   -70.1057    53.8366 0.0172 0.0150 0.0180  0.2393000
 51904034.0000000   157.7180   -66.3515    53.8844 0.0170 0.0148 0.0178  51904034.4393380   157.6969   -66.1299    53.8034 0.0170 0.0148 0.0178  0.2393380
 51904044.0000000   159.0579   -63.0045    53.6767 0.0173 0.0150 0.0181  51904044.4392459   159.0588   -62.8377    53.7355 0.0173 0.0151 0.0181  0.2392460
 51904054.0000000   160.2325   -58.4727    53.7823 0.0172 0.0150 0.0181  51904054.4387181   160.3632   -58.3871    53.7654 0.0172 0.0150 0.0180  0.2387180
 51904064.0000000   160.8894   -56.0207    53.9327 0.0170 0.0148 0.0178  51904064.4384639   160.9259   -55.8517    53.9040 0.0170 0.0148 0.0178  0.2384640
 51904074.0000000   163.3117   -52.9150    53.7490 0.0173 0.0150 0.0181  51904074.4403009   163.4993   -52.8028    53.7346 0.0173 0.0150 0.0181  0.2403010
 51904094.0000000   168.4727   -47.0041    53.8081 0.0170 0.0148 0.0178  51904094.4442222   168.5067   -46.8836    53.8169 0.0170 0.0148 0.0178  0.2442220
 51904104.0000000   169.4110   -44.7621    54.0949 0.0172 0.0150 0.0181  51904104.4446361   169.3733   -44.6446    53.9632 0.0172 0.0150 0.0181  0.2446360
 51904114.0000000   170.3212   -42.4461    53.6441 0.0172 0.0150 0.0180  51904114.4452250   170.4219   -42.5416    53.6906 0.0172 0.0149 0.0180  0.2452250
 51904124.0000000   172.8303   -38.2132    53.7109 0.0170 0.0148 0.0178  51904124.4469130   172.9959   -38.1529    53.7111 0.0170 0.0148 0.0178  0.2469130
 51904134.0000000   174.8349   -34.2955    53.8680 0.0173 0.0150 0.0181  51904134.4486949   174.9695   -34.1665    53.7992 0.0173 0.0150 0.0181  0.2486950
 51904154.0000000   180.3749   -29.7487    53.7205 0.0169 0.0147 0.0177  51904154.4545920   180.5625   -29.6906    53.7491 0.0170 0.0148 0.0178  0.2545920
 51904164.0000000   182.4738   -28.1352    53.6275 0.0172 0.0150 0.0181  51904164.4566448   182.4506   -27.9898    53.5772 0.0172 0.0150 0.0181  0.2566450
 51904174.0000000   185.6689   -25.1433    53.7804 0.0171 0.0149 0.0180  51904174.4603951   185.8429   -25.0313    53.8215 0.0171 0.0149 0.0180  0.2603950
 51904204.0000000   193.5039   -15.8403    53.9837 0.0172 0.0149 0.0180  51904204.4689822   193.4590   -15.6132    53.8004 0.0171 0.0149 0.0180  0.2689820
 51904214.0000000   197.0033   -14.2539    53.5529 0.0169 0.0147 0.0177  51904214.4733150   197.0256   -14.2175    53.7617 0.0170 0.0147 0.0177  0.2733150
 51904224.0000000   199.9148   -13.2526    53.8296 0.0172 0.0149 0.0180  51904224.4769330   200.0048   -12.9658    53.9895 0.0172 0.0150 0.0180  0.2769330
 51904234.0000000   203.6548   -11.5114    53.8174 0.0172 0.0149 0.0180  51904234.4815660   203.6813   -11.5688    53.8471 0.0171 0.0149 0.0179  0.2815660
 51904244.0000000   206.2607   -10.4259    53.8169 0.0170 0.0147 0.0177  51904244.4849789   206.4318   -10.4112    53.8993 0.0170 0.0147 0.0177  0.2849790
 51904254.0000000   209.0637    -8.8235    53.8746 0.0172 0.0149 0.0180  51904254.4885702   209.3445    -8.6302    53.8382 0.0172 0.0149 0.0180  0.2885700
 51904264.0000000   211.8913    -6.8903    53.7809 0.0171 0.0149 0.0179  51904264.4918859   211.8379    -6.6989    53.7920 0.0171 0.0149 0.0179  0.2918860
 51904274.0000000   214.6833    -4.4489    53.7821 0.0169 0.0147 0.0177  51904274.4955249   214.8016    -4.3406    53.9144 0.0169 0.0147 0.0177  0.2955250
 51904284.0000000   217.6123    -2.1667    53.8617 0.0172 0.0149 0.0180  51904284.4991429   217.7053    -1.9864    53.9267 0.0172 0.0149 0.0180  0.2991430
 51904514.0000000   277.0353    12.9553    53.8106 0.0182 0.0156 0.0190  51904514.5765791   276.9263    13.3811    53.8902 0.0182 0.0156 0.0191  0.3765790
 51904524.0000000   272.9358    16.4800    53.7580 0.0171 0.0148 0.0179  51904524.5716062   272.7314    16.5201    53.8225 0.0172 0.0149 0.0180  0.3716060
 51904534.0000000   268.7027    18.2397    53.7542 0.0171 0.0148 0.0179  51904534.5661640   268.5156    18.3722    53.8301 0.0171 0.0148 0.0178  0.3661640
 51904544.0000000   263.7598    20.8433    53.8922 0.0169 0.0146 0.0176  51904544.5601330   263.5194    21.1413    53.8539 0.0169 0.0146 0.0177  0.3601330
 51904554.0000000   259.4445    23.8829    53.8197 0.0171 0.0148 0.0179  51904554.5547249   259.1933    24.1946    53.8460 0.0172 0.0148 0.0179  0.3547250
 51904584.0000000   246.2862    34.9736    53.6344 0.0171 0.0148 0.0179  51904584.5392802   245.9567    35.0697    53.5400 0.0172 0.0148 0.0179  0.3392800
 51904604.0000000   236.7630    41.7500    53.9946 0.0169 0.0146 0.0176  51904604.5285640   236.5122    41.9531    53.8874 0.0169 0.0146 0.0177  0.3285640
 51904614.0000000   231.6126    45.1462    53.8055 0.0163 0.0142 0.0170  51904614.5226958   231.3448    45.3354    53.9736 0.0163 0.0142 0.0170  0.3226960
 51904624.0000000   226.0084    48.9060    53.7164 0.0171 0.0149 0.0179  51904624.5166981   225.8426    49.0814    53.7493 0.0171 0.0148 0.0179  0.3166980
 51904634.0000000   221.8590    52.8703    53.7614 0.0169 0.0147 0.0177  51904634.5127201   221.5959    53.0458    53.7954 0.0169 0.0147 0.0177  0.3127200
 51904644.0000000   217.5798    56.6384    54.0086 0.0172 0.0149 0.0180  51904644.5085428   217.4609    57.0374    54.0190 0.0172 0.0149 0.0180  0.3085430
 51904654.0000000   213.4786    61.0305    53.8581 0.0171 0.0148 0.0179  51904654.5047162   213.2837    61.2359    53.9492 0.0171 0.0148 0.0179  0.3047160
 51904664.0000000   209.4184    65.0063    53.9059 0.0169 0.0146 0.0176  51904664.5011001   209.1475    65.2035    53.8108 0.0169 0.0147 0.0176  0.3011000
 51904674.0000000   205.5881    68.8414    53.8851 0.0171 0.0149 0.0179  51904674.4980922   205.2863    69.2687    53.8739 0.0171 0.0149 0.0179  0.2980920
 51904684.0000000   201.0629    73.3781    53.8278 0.0170 0.0148 0.0178  51904684.4943819   200.8839    73.5648    53.7263 0.0170 0.0148 0.0178  0.2943820
 51904694.0000000   196.7075    77.5150    53.8564 0.0169 0.0146 0.0176  51904694.4909549   196.4272    77.7909    53.9704 0.0169 0.0146 0.0176  0.2909550
 51904704.0000000   191.9899    81.8668    53.9934 0.0171 0.0148 0.0179  51904704.4875300   191.6809    82.1534    54.0789 0.0171 0.0148 0.0179  0.2875300
 51904714.0000000   187.2355    86.0441    53.8191 0.0170 0.0148 0.0178  51904714.4840598   187.0914    86.2635    53.9083 0.0170 0.0148 0.0178  0.2840600
 51904724.0000000   182.1205    90.2236    53.7423 0.0168 0.0146 0.0176  51904724.4804499   181.9739    90.2894    53.7724 0.0168 0.0146 0.0176  0.2804500
 51904734.0000000   177.5476    93.4163    53.7597 0.0171 0.0148 0.0179  51904734.4771738   177.4075    93.5636    53.7832 0.0171 0.0148 0.0179  0.2771740
 51904744.0000000   173.5444    96.0872    53.8459 0.0170 0.0148 0.0178  51904744.4741600   173.3654    96.2505    53.8338 0.0170 0.0147 0.0178  0.2741600
 51904754.0000000   169.4302    99.4695    53.7237 0.0168 0.0146 0.0176  51904754.4716439   169.3081    99.5961    53.7496 0.0168 0.0146 0.0176  0.2716440
 51904764.0000000   165.0739   103.2396    53.9988 0.0171 0.0148 0.0178  51904764.4695661   164.9803   103.4552    53.8694 0.0171 0.0148 0.0178  0.2695660
 51904774.0000000   160.8348   108.5286    53.7876 0.0170 0.0147 0.0178  51904774.4687889   160.6275   108.7597    53.7585 0.0170 0.0147 0.0177  0.2687890
 51904784.0000000   157.1947   112.5775    53.9692 0.0168 0.0146 0.0176  51904784.4678278   156.9953   112.8537    53.8733 0.0168 0.0146 0.0176  0.2678280
 51904794.0000000   153.7014   116.3112    53.8540 0.0170 0.0148 0.0178  51904794.4670160   153.6140   116.5227    53.8399 0.0171 0.0148 0.0179  0.2670160
 51904804.0000000   149.2209   119.1349    53.6931 0.0170 0.0147 0.0177  51904804.4645569   148.9603   119.2321    53.7136 0.0170 0.0147 0.0178  0.2645570
 51904814.0000000   143.9519   120.1383    53.8697 0.0168 0.0145 0.0175  51904814.4601140   143.7154   120.1254    53.7645 0.0168 0.0146 0.0175  0.2601140
 51904834.0000000   131.0451   119.2564    53.6012 0.0170 0.0147 0.0177  51904834.4467838   130.7169   119.1642    53.6218 0.0170 0.0147 0.0177  0.2467840
 51904844.0000000   124.4785   118.1301    53.7909 0.0168 0.0145 0.0175  51904844.4398098   124.2184   118.1189    53.7962 0.0168 0.0145 0.0175  0.2398100
 51904854.0000000   118.5423   115.8129    53.8861 0.0170 0.0147 0.0178  51904854.4325180   118.3199   115.7793    53.9835 0.0170 0.0147 0.0178  0.2325180
 51904864.0000000   113.3800   112.5692    53.8699 0.0169 0.0147 0.0177  51904864.4252312   112.9891   112.5466    53.8644 0.0169 0.0147 0.0177  0.2252310
 51904884.0000000   104.5794   106.9692    53.8580 0.0170 0.0147 0.0178  51904884.4119928   104.3501   106.7961    53.8564 0.0170 0.0147 0.0178  0.2119930
 51904894.0000000   100.7291   103.7604    53.9356 0.0169 0.0146 0.0177  51904894.4058599   100.5652   103.6361    53.7419 0.0169 0.0146 0.0177  0.2058600
 51904904.0000000    96.8136    99.8394    53.7608 0.0167 0.0145 0.0175  51904904.3988969    96.7059    99.6882    53.8243 0.0167 0.0145 0.0175  0.1988970
 51904914.0000000    93.5640    96.1760    53.8362 0.0170 0.0147 0.0177  51904914.3928182    93.4264    96.0616    53.6765 0.0170 0.0147 0.0178  0.1928180
 51904924.0000000    90.5527    92.7735    53.8450 0.0169 0.0146 0.0177  51904924.3872678    90.5237    92.5412    53.7733 0.0169 0.0146 0.0177  0.1872680
 51904934.0000000    87.6795    89.4572    53.6981 0.0167 0.0144 0.0174  51904934.3818021    87.5285    89.2967    53.6777 0.0167 0.0145 0.0175  0.1818020
 51904944.0000000    84.3772    86.5861    53.9743 0.0170 0.0147 0.0177  51904944.3766692    84.3454    86.5145    53.7628 0.0170 0.0147 0.0177  0.1766690
 51904954.0000000    81.0206    83.7123    53.9469 0.0169 0.0146 0.0177  51904954.3713291    80.9860    83.5908    53.8618 0.0169 0.0146 0.0176  0.1713290
 51904964.0000000    78.0084    80.7085    53.6929 0.0167 0.0145 0.0175  51904964.3659608    77.9326    80.3934    53.6889 0.0167 0.0145 0.0174  0.1659610
 51904974.0000000    74.2202    75.7154    53.9804 0.0170 0.0146 0.0177  51904974.3588028    74.1217    75.5852    53.9445 0.0170 0.0147 0.0177  0.1588030
 51904984.0000000    71.1139    72.0282    53.8098 0.0169 0.0146 0.0176  51904984.3530068    70.9683    71.8814    53.8362 0.0169 0.0146 0.0176  0.1530070
 51904994.0000000    67.8971    67.6991    54.0604 0.0167 0.0144 0.0174  51904994.3469560    67.7330    67.7247    53.9694 0.0167 0.0145 0.0174  0.1469560
 51905004.0000000    64.6329    63.3786    53.6839 0.0170 0.0146 0.0177  51905004.3404348    64.5635    63.2312    53.8033 0.0170 0.0146 0.0177  0.1404350
 51905014.0000000    61.2605    60.5259    53.7992 0.0169 0.0146 0.0176  51905014.3354189    61.0503    60.3799    53.7286 0.0169 0.0146 0.0176  0.1354190
 51905024.0000000    56.6454    56.4563    53.8946 0.0167 0.0144 0.0174  51905024.3286908    56.4295    56.3584    53.8830 0.0167 0.0144 0.0174  0.1286910
 51905034.0000000    52.2996    52.2908    53.9273 0.0169 0.0146 0.0177  51905034.3221729    52.1721    52.1514    53.8896 0.0169 0.0146 0.0177  0.1221730
 51905044.0000000    48.1921    47.8463    53.6566 0.0169 0.0146 0.0176  51905044.3154278    48.0447    47.6707    53.7293 0.0169 0.0146 0.0176  0.1154280
 51905054.0000000    44.4067    43.5012    53.7495 0.0167 0.0144 0.0174  51905054.3097098    44.3642    43.4291    53.7881 0.0167 0.0144 0.0174  0.1097100
 51905064.0000000    41.2845    40.0716    53.7999 0.0169 0.0146 0.0177  51905064.3050241    41.1759    39.9228    53.7230 0.0169 0.0146 0.0177  0.1050240
 51905074.0000000    38.2674    36.5349    53.6612 0.0169 0.0146 0.0176  51905074.3004820    38.0834    36.4614    53.6779 0.0169 0.0146 0.0176  0.1004820
 51905084.0000000    34.6197    32.7033    53.8415 0.0167 0.0144 0.0174  51905084.2958250    34.4892    32.5447    53.7333 0.0167 0.0144 0.0174  0.0958250
 51905094.0000000    30.6363    28.6678    53.7923 0.0169 0.0146 0.0176  51905094.2910049    30.5427    28.4844    53.8590 0.0169 0.0146 0.0177  0.0910050
 51905104.0000000    26.8679    25.9852    53.9962 0.0169 0.0146 0.0176  51905104.2875650    26.8372    25.8516    53.9197 0.0168 0.0145 0.0176  0.0875650
 51905114.0000000    22.8555    23.0197    53.7347 0.0167 0.0144 0.0174  51905114.2837760    22.7468    22.9386    53.8619 0.0167 0.0144 0.0174  0.0837760
 51905124.0000000    18.2535    20.1502    53.6903 0.0169 0.0146 0.0176  51905124.2803228    18.1307    20.1689    53.6968 0.0169 0.0146 0.0176  0.0803230
 51905134.0000000    13.6705    17.6476    53.8155 0.0168 0.0145 0.0176  51905134.2777269    13.5814    17.5778    53.8405 0.0168 0.0145 0.0176  0.0777270
 51905144.0000000     9.0630    15.1690    53.6600 0.0167 0.0144 0.0174  51905144.2754300     8.8838    15.1337    53.7211 0.0167 0.0144 0.0174  0.0754300
 51905154.0000000     4.4423    11.7229    53.5730 0.0169 0.0146 0.0176  51905154.2733638     4.3078    11.6202    53.4996 0.0169 0.0146 0.0176  0.0733640
 51905164.0000000     0.5684     8.4101    53.8549 0.0168 0.0145 0.0176  51905164.2727451     0.4783     8.3158    53.8418 0.0168 0.0145 0.0176  0.0727450
 51905174.0000000    -3.0799     4.7388    53.6716 0.0167 0.0144 0.0174  51905174.2719629    -3.1351     4.5598    53.5855 0.0167 0.0144 0.0174  0.0719630
 51905184.0000000    -7.0533     0.1836    53.9009 0.0169 0.0146 0.0176  51905184.2725122    -7.2213     0.1802    53.8471 0.0169 0.0146 0.0176  0.0725120
 51905194.0000000   -10.7481    -3.4049    53.8464 0.0168 0.0145 0.0175  51905194.2734981   -10.8536    -3.4874    53.9702 0.0168 0.0145 0.0175  0.0734980
 51905204.0000000   -14.1570    -6.2867    53.9953 0.0166 0.0143 0.0173  51905204.2749128   -14.2082    -6.3411    53.9024 0.0167 0.0143 0.0174  0.0749130
 51905214.0000000   -18.1119    -9.1518    53.7174 0.0169 0.0145 0.0176  51905214.2766392   -18.1862    -9.2619    53.6586 0.0169 0.0145 0.0176  0.0766390
 51905224.0000000   -21.3804   -11.4971    54.0428 0.0205 0.0178 0.0212  51905224.2790718   -21.5876   -11.4471    54.0350 0.0205 0.0178 0.0211  0.0790720
 51905234.0000000   -26.0274   -15.1764    54.0200 0.0166 0.0143 0.0173  51905234.2825398   -26.1241   -15.1812    53.9617 0.0166 0.0143 0.0173  0.0825400
 51905244.0000000   -29.7988   -18.3831    53.8429 0.0169 0.0145 0.0176  51905244.2858272   -30.0166   -18.4279    53.8718 0.0169 0.0145 0.0176  0.0858270
 51905254.0000000   -34.5579   -22.0311    53.9609 0.0168 0.0145 0.0175  51905254.2903612   -34.6565   -21.9869    53.8012 0.0168 0.0145 0.0175  0.0903610
 51905264.0000000   -38.8425   -25.3615    53.8726 0.0167 0.0143 0.0174  51905264.2948730   -38.9747   -25.4281    53.8175 0.0167 0.0144 0.0174  0.0948730
 51905274.0000000   -43.9641   -29.4037    53.7615 0.0169 0.0145 0.0176  51905274.3007112   -44.0185   -29.4911    53.7771 0.0169 0.0145 0.0176  0.1007110
 51905284.0000000   -48.1768   -32.7735    53.6449 0.0179 0.0153 0.0185  51905284.3058648   -48.3276   -32.8476    53.7359 0.0179 0.0153 0.0185  0.1058650
 51905294.0000000   -52.9954   -36.2092    53.7862 0.0166 0.0143 0.0173  51905294.3116758   -53.1362   -36.2809    53.5640 0.0167 0.0143 0.0173  0.1116760
 51905304.0000000   -57.9647   -40.2997    53.5834 0.0169 0.0145 0.0176  51905304.3183899   -58.1323   -40.3967    53.7634 0.0169 0.0145 0.0176  0.1183900
 51905314.0000000   -62.6933   -43.6552    53.6827 0.0168 0.0145 0.0175  51905314.3246529   -62.8110   -43.8299    53.6539 0.0168 0.0145 0.0175  0.1246530
 51905334.0000000   -68.7211   -52.5589    53.7051 0.0169 0.0145 0.0176  51905334.3359249   -68.7168   -52.6697    53.7630 0.0169 0.0145 0.0176  0.1359250
 51905344.0000000   -71.1635   -56.7552    53.7293 0.0168 0.0145 0.0175  51905344.3410490   -71.3126   -56.8528    53.7288 0.0168 0.0145 0.0175  0.1410490
 51905354.0000000   -73.2133   -60.4105    53.7425 0.0166 0.0143 0.0173  51905354.3456779   -73.2930   -60.5714    53.7771 0.0166 0.0143 0.0173  0.1456780
 51905364.0000000   -75.4107   -64.4716    53.9605 0.0169 0.0145 0.0175  51905364.3507710   -75.4615   -64.6585    53.8859 0.0169 0.0145 0.0175  0.1507710
 51905374.0000000   -77.6939   -68.1353    53.8268 0.0168 0.0144 0.0175  51905374.3553970   -77.7176   -68.2047    53.6111 0.0168 0.0144 0.0175  0.1553970
 51905414.0000000   -92.5739   -86.1909    53.5761 0.0166 0.0143 0.0173  51905414.3835359   -92.7204   -86.3516    53.6260 0.0167 0.0143 0.0173  0.1835360
 51905674.0000000  -216.2991  -108.5339    53.7813 0.0168 0.0144 0.0175  51905674.5308368  -216.7047  -108.2097    53.7762 0.0168 0.0144 0.0175  0.3308370
 51905694.0000000  -227.6650  -101.9416    53.7376 0.0169 0.0144 0.0175  51905694.5405781  -227.9672  -101.8480    53.7059 0.0169 0.0144 0.0175  0.3405780
 51905704.0000000  -231.6305   -98.8415    53.9252 0.0179 0.0151 0.0186  51905704.5434959  -231.8204   -98.5880    53.8937 0.0179 0.0151 0.0186  0.3434960
 51905714.0000000  -235.3660   -94.9189    53.7380 0.0167 0.0142 0.0173  51905714.5462222  -235.5910   -94.7085    53.7087 0.0167 0.0143 0.0173  0.3462220
 51905724.0000000  -239.1625   -91.6754    53.8326 0.0169 0.0144 0.0175  51905724.5490298  -239.1964   -91.5201    53.8849 0.0169 0.0144 0.0175  0.3490300
 51905734.0000000  -242.7840   -88.7500    53.7515 0.0169 0.0144 0.0175  51905734.5521948  -242.9086   -88.5172    53.8449 0.0168 0.0144 0.0175  0.3521950
 51905744.0000000  -246.7943   -85.2425    53.8510 0.0167 0.0142 0.0173  51905744.5556450  -246.9927   -84.9694    53.7807 0.0167 0.0143 0.0173  0.3556450
 51905754.0000000  -251.2325   -81.1088    53.5921 0.0169 0.0144 0.0175  51905754.5595801  -251.4077   -81.1708    53.5440 0.0169 0.0144 0.0175  0.3595800
 51905764.0000000  -255.8665   -77.5159    53.8827 0.0168 0.0144 0.0175  51905764.5638461  -256.1137   -77.2145    53.8569 0.0168 0.0144 0.0175  0.3638460
 51905774.0000000  -259.9033   -74.4739    53.8204 0.0167 0.0142 0.0173  51905774.5678282  -260.0998   -74.3224    53.8682 0.0167 0.0143 0.0173  0.3678280
 51905784.0000000  -264.1967   -70.0841    53.6916 0.0169 0.0144 0.0175  51905784.5716238  -264.4940   -69.8680    53.7405 0.0169 0.0144 0.0175  0.3716240
 51905804.0000000  -273.7503   -62.9624    53.9069 0.0167 0.0142 0.0173  51905804.5815110  -273.8932   -62.6384    53.8726 0.0167 0.0143 0.0174  0.3815110
 51905814.0000000  -277.8108   -59.6781    53.8984 0.0169 0.0144 0.0175  51905814.5857649  -278.1111   -59.4452    53.7086 0.0169 0.0145 0.0175  0.3857650
 51905824.0000000  -282.1792   -55.8193    53.8060 0.0168 0.0144 0.0175  51905824.5904808  -282.6771   -55.4480    53.8658 0.0168 0.0144 0.0175  0.3904810
 51905834.0000000  -286.7290   -52.0533    53.9788 0.0167 0.0142 0.0173  51905834.5952220  -286.9239   -51.6113    54.0158 0.0167 0.0143 0.0174  0.3952220
 51905854.0000000  -292.9587   -44.3515    53.6489 0.0168 0.0144 0.0175  51905854.6017160  -293.2556   -44.1397    53.5975 0.0168 0.0144 0.0175  0.4017160
 51905874.0000000  -299.0346   -36.4057    53.7544 0.0169 0.0144 0.0175  51905874.6081500  -299.3260   -36.2358    53.7085 0.0169 0.0144 0.0175  0.4081500
 51905884.0000000  -302.4955   -32.4746    53.7485 0.0169 0.0144 0.0175  51905884.6119480  -302.5706   -32.5443    53.6482 0.0169 0.0144 0.0175  0.4119480
 51905914.0000000  -308.0990   -18.8017    53.8009 0.0169 0.0144 0.0175  51905914.6176858  -308.1955   -18.4114    53.6973 0.0169 0.0144 0.0175  0.4176860
 51905944.0000000  -307.9648    -6.8867    53.8046 0.0169 0.0144 0.0175  51905944.6167250  -307.8405    -6.5958    53.7457 0.0168 0.0143 0.0175  0.4167250
 51905974.0000000  -305.0736     5.1416    53.8088 0.0179 0.0151 0.0186  51905974.6130610  -305.1082     5.3209    53.7950 0.0179 0.0151 0.0185  0.4130610
 51905984.0000000  -303.2546    10.4824    53.7828 0.0168 0.0143 0.0174  51905984.6106799  -302.9794    10.7244    53.8655 0.0168 0.0143 0.0174  0.4106800
 51906024.0000000  -284.7752    26.5791    53.8303 0.0179 0.0152 0.0186  51906024.5879428  -284.5415    26.7674    53.7563 0.0169 0.0144 0.0175  0.3879430
 51906034.0000000  -280.8572    30.3107    54.0063 0.0179 0.0151 0.0186  51906034.5831008  -280.4276    30.8304    53.8537 0.0179 0.0151 0.0186  0.3831010
 51906044.0000000  -276.5287    35.3041    53.7743 0.0168 0.0143 0.0174  51906044.5784469  -276.2584    35.4858    53.6367 0.0170 0.0144 0.0176  0.3784470
 51906054.0000000  -272.3998    39.6995    53.8706 0.0180 0.0152 0.0186  51906054.5739350  -272.1408    40.0375    53.8771 0.0170 0.0144 0.0176  0.3739350
 51906064.0000000  -268.1522    44.2687    53.7392 0.0169 0.0144 0.0175  51906064.5692961  -267.7990    44.6256    53.7848 0.0169 0.0144 0.0175  0.3692960
 51906084.0000000  -259.8946    55.0241    53.8098 0.0170 0.0144 0.0176  51906084.5612948  -259.6077    55.3027    53.8603 0.0170 0.0144 0.0176  0.3612950
 51906094.0000000  -256.2963    60.2201    53.8110 0.0169 0.0144 0.0175  51906094.5583589  -256.1260    60.5577    54.0343 0.0169 0.0143 0.0175  0.3583590
 51906114.0000000  -247.7209    68.8368    53.7517 0.0170 0.0144 0.0175  51906114.5503802  -247.5464    68.8680    53.7824 0.0170 0.0144 0.0176  0.3503800
 51906124.0000000  -242.1631    70.8215    53.8346 0.0169 0.0144 0.0175  51906124.5439899  -241.8486    71.0502    54.0216 0.0169 0.0144 0.0175  0.3439900
 51906164.0000000  -220.4223    78.8052    53.9325 0.0168 0.0142 0.0174  51906164.5204718  -220.1414    78.9953    53.8344 0.0168 0.0143 0.0174  0.3204720
 51906174.0000000  -214.8679    81.0805    53.8053 0.0170 0.0144 0.0176  51906174.5146821  -214.7436    81.2855    53.8743 0.0170 0.0144 0.0176  0.3146820
 51906184.0000000  -211.9122    86.1342    53.6129 0.0169 0.0144 0.0175  51906184.5135460  -211.8865    86.4670    53.6280 0.0169 0.0144 0.0175  0.3135460
 51906194.0000000  -208.7002    92.0275    53.5518 0.0168 0.0143 0.0174  51906194.5124819  -208.5803    92.1398    53.5359 0.0168 0.0143 0.0174  0.3124820
 51906204.0000000  -205.2592    97.8297    53.9240 0.0170 0.0145 0.0176  51906204.5118330  -205.0980    98.3043    53.8541 0.0170 0.0144 0.0176  0.3118330
 51906214.0000000  -201.9180   103.7278    53.6210 0.0169 0.0144 0.0175  51906214.5111680  -201.8342   103.9234    53.7127 0.0169 0.0144 0.0175  0.3111680
 51906224.0000000  -198.6299   109.6770    53.6178 0.0168 0.0142 0.0174  51906224.5110438  -198.4251   109.8432    53.6425 0.0169 0.0143 0.0174  0.3110440
 51906234.0000000  -195.3699   115.0620    53.7687 0.0170 0.0144 0.0176  51906234.5109148  -195.3169   115.4170    53.8225 0.0170 0.0144 0.0176  0.3109150
 51906244.0000000  -191.9316   120.7162    53.7926 0.0170 0.0144 0.0175  51906244.5107889  -191.6350   121.0565    53.6934 0.0170 0.0144 0.0175  0.3107890
 51906254.0000000  -188.2261   126.8456    53.6953 0.0168 0.0142 0.0174  51906254.5112138  -188.1513   127.0813    53.7088 0.0169 0.0143 0.0174  0.3112140
 51906264.0000000  -184.7812   131.9527    53.7297 0.0170 0.0144 0.0176  51906264.5112669  -184.6394   132.2600    53.8311 0.0170 0.0144 0.0176  0.3112670
 51906274.0000000  -181.9696   136.2688    53.5503 0.0170 0.0144 0.0175  51906274.5115471  -181.7302   136.6276    53.8599 0.0170 0.0144 0.0175  0.3115470
 51906294.0000000  -172.5273   144.5817    53.8053 0.0170 0.0144 0.0176  51906294.5086060  -172.2754   144.6704    53.6061 0.0170 0.0144 0.0176  0.3086060
 51906304.0000000  -166.3747   144.4493    53.5812 0.0170 0.0144 0.0176  51906304.5023890  -166.0846   144.4330    53.7685 0.0170 0.0143 0.0175  0.3023890
 51906314.0000000  -160.1526   144.5817    53.7166 0.0169 0.0143 0.0174  51906314.4965081  -160.0188   144.4584    53.7736 0.0169 0.0143 0.0175  0.2965080
 51906354.0000000  -144.5938   130.7622    53.6840 0.0170 0.0144 0.0176  51906354.4696708  -144.5260   130.5908    53.6585 0.0170 0.0144 0.0176  0.2696710
 51906374.0000000  -136.2107   122.1917    53.7935 0.0169 0.0143 0.0175  51906374.4545259  -136.0703   121.8441    53.7280 0.0169 0.0143 0.0175  0.2545260
 51906394.0000000  -127.7637   114.1066    53.9170 0.0170 0.0144 0.0176  51906394.4393249  -127.4473   114.0132    53.8681 0.0170 0.0144 0.0176  0.2393250
 51906454.0000000  -103.9618    88.6920    54.0368 0.0170 0.0144 0.0176  51906454.3960011  -103.7666    88.4762    53.8594 0.0170 0.0144 0.0176  0.1960010
 51906464.0000000  -100.3704    83.6333    53.8242 0.0169 0.0143 0.0175  51906464.3883829  -100.2360    83.4048    53.8643 0.0170 0.0143 0.0175  0.1883830
 51906474.0000000   -97.1163    78.6932    53.8446 0.0170 0.0144 0.0176  51906474.3815389   -97.0904    78.5004    53.9181 0.0171 0.0144 0.0177  0.1815390
 51906484.0000000   -93.7404    74.4298    53.6082 0.0170 0.0144 0.0176  51906484.3748999   -93.5934    74.1911    53.7081 0.0170 0.0144 0.0176  0.1749000
 51906494.0000000   -89.2332    71.0566    53.7092 0.0170 0.0143 0.0175  51906494.3681078   -89.1112    70.8600    53.7192 0.0170 0.0143 0.0175  0.1681080
 51906504.0000000   -85.1664    68.1566    53.5707 0.0171 0.0144 0.0177  51906504.3620322   -85.1081    68.0539    53.5303 0.0171 0.0144 0.0176  0.1620320
 51906514.0000000   -81.1501    64.9968    53.8745 0.0171 0.0144 0.0176  51906514.3562038   -81.0368    64.8517    53.8900 0.0171 0.0144 0.0176  0.1562040
 51906524.0000000   -77.1307    61.0903    53.8414 0.0170 0.0143 0.0175  51906524.3495278   -76.9558    61.0264    53.8774 0.0170 0.0143 0.0175  0.1495280
 51906534.0000000   -73.2775    57.1997    53.8230 0.0171 0.0144 0.0177  51906534.3432219   -73.1175    56.9997    53.8682 0.0171 0.0144 0.0177  0.1432220
 51906544.0000000   -69.2574    52.3742    53.6457 0.0171 0.0144 0.0176  51906544.3361650   -69.1627    52.2482    53.9116 0.0171 0.0144 0.0176  0.1361650
 51906554.0000000   -65.7792    47.7002    53.7501 0.0170 0.0143 0.0175  51906554.3299711   -65.7336    47.5921    53.8622 0.0170 0.0143 0.0175  0.1299710
 51906564.0000000   -62.9868    43.1415    53.7594 0.0171 0.0144 0.0177  51906564.3244150   -62.8775    42.9925    53.7189 0.0171 0.0144 0.0177  0.1244150
 51906574.0000000   -58.9586    37.4112    53.9145 0.0171 0.0144 0.0176  51906574.3175478   -58.7598    37.2054    53.9616 0.0171 0.0144 0.0176  0.1175480
 51906584.0000000   -54.1583    34.1552    53.7615 0.0170 0.0143 0.0175  51906584.3114698   -54.0372    34.1731    53.7161 0.0170 0.0143 0.0175  0.1114700
 51906594.0000000   -49.5361    31.6199    53.7425 0.0171 0.0144 0.0177  51906594.3062139   -49.3781    31.5444    53.7171 0.0171 0.0145 0.0177  0.1062140
 51906604.0000000   -44.9256    28.6332    53.5221 0.0171 0.0144 0.0176  51906604.3007340   -44.7836    28.5299    53.5758 0.0171 0.0144 0.0176  0.1007340
 51906614.0000000   -40.6942    25.9750    53.9874 0.0170 0.0143 0.0175  51906614.2966068   -40.5865    25.9969    54.0294 0.0170 0.0143 0.0175  0.0966070
 51906624.0000000   -36.1485    22.6960    53.8711 0.0171 0.0145 0.0177  51906624.2915812   -35.9760    22.6360    53.7822 0.0171 0.0144 0.0177  0.0915810
 51906634.0000000   -31.8096    19.6878    53.7145 0.0171 0.0144 0.0176  51906634.2872870   -31.6166    19.6420    53.7517 0.0171 0.0144 0.0176  0.0872870
 51906644.0000000   -26.5550    16.1579    53.8747 0.0170 0.0143 0.0175  51906644.2829421   -26.4569    16.0920    53.8254 0.0170 0.0143 0.0176  0.0829420
 51906654.0000000   -22.5797    12.9500    53.4793 0.0171 0.0144 0.0177  51906654.2793689   -22.4297    12.7821    53.5967 0.0171 0.0144 0.0177  0.0793690
 51906664.0000000   -17.8607     9.3424    53.7939 0.0171 0.0144 0.0176  51906664.2766812   -17.8166     9.2374    53.9020 0.0171 0.0144 0.0176  0.0766810
 51906674.0000000   -14.2258     5.5660    53.7859 0.0170 0.0143 0.0176  51906674.2745581   -14.1271     5.4257    53.7770 0.0170 0.0143 0.0176  0.0745580
 51906684.0000000   -10.5269     1.3235    53.7920 0.0171 0.0144 0.0177  51906684.2730579   -10.4261     1.1662    53.6982 0.0171 0.0144 0.0177  0.0730580
 51906694.0000000    -6.8526    -2.9442    53.5419 0.0171 0.0144 0.0176  51906694.2720869    -6.7321    -3.0975    53.5189 0.0171 0.0144 0.0176  0.0720870
 51906704.0000000    -3.5229    -7.5370    53.8886 0.0170 0.0143 0.0176  51906704.2727659    -3.3808    -7.6765    53.9154 0.0170 0.0143 0.0176  0.0727660
 51906714.0000000     0.1333   -12.3311    53.9506 0.0172 0.0144 0.0177  51906714.2737148     0.2443   -12.4239    53.8099 0.0172 0.0144 0.0177  0.0737150
 51906724.0000000     3.1753   -16.7925    53.7128 0.0171 0.0144 0.0176  51906724.2752528     3.2485   -17.0034    53.7416 0.0171 0.0144 0.0176  0.0752530
 51906734.0000000     6.0061   -22.2004    53.5065 0.0170 0.0143 0.0176  51906734.2777710     6.0295   -22.3830    53.5526 0.0171 0.0143 0.0176  0.0777710
 51906744.0000000     8.9408   -26.9409    53.7133 0.0171 0.0144 0.0177  51906744.2810738     9.0024   -27.0994    53.6534 0.0171 0.0144 0.0177  0.0810740
 51906754.0000000    13.4860   -30.1571    53.6991 0.0172 0.0144 0.0177  51906754.2841902    13.6009   -30.2889    53.6564 0.0171 0.0144 0.0177  0.0841900
 51906764.0000000    17.7290   -32.7290    53.7608 0.0170 0.0143 0.0176  51906764.2872839    17.8881   -32.7597    53.7321 0.0171 0.0143 0.0176  0.0872840
 51906774.0000000    21.9471   -35.4591    53.7691 0.0171 0.0144 0.0177  51906774.2908528    22.0790   -35.5180    53.7688 0.0171 0.0144 0.0177  0.0908530
 51906784.0000000    26.0074   -38.5223    53.7198 0.0171 0.0144 0.0177  51906784.2948911    26.2296   -38.5985    53.6939 0.0171 0.0144 0.0177  0.0948910
 51906794.0000000    30.9277   -41.6818    53.7657 0.0170 0.0143 0.0176  51906794.2997460    31.0387   -41.7431    53.6847 0.0171 0.0143 0.0176  0.0997460
 51906804.0000000    34.8686   -45.0229    53.8201 0.0172 0.0145 0.0177  51906804.3045890    35.0316   -45.0946    53.8201 0.0172 0.0145 0.0177  0.1045890
 51906814.0000000    39.4049   -48.2779    53.6602 0.0172 0.0144 0.0177  51906814.3098948    39.6424   -48.3999    53.6644 0.0172 0.0144 0.0177  0.1098950
 51906824.0000000    44.0950   -51.6499    53.7905 0.0171 0.0143 0.0176  51906824.3155799    44.2714   -51.7296    53.6802 0.0171 0.0144 0.0176  0.1155800
 51906834.0000000    48.0114   -54.6618    53.7000 0.0172 0.0145 0.0177  51906834.3207612    48.1019   -54.6976    53.7459 0.0172 0.0145 0.0177  0.1207610
 51906844.0000000    51.6701   -58.1047    53.6905 0.0172 0.0144 0.0177  51906844.3261592    51.7547   -58.2363    53.6964 0.0172 0.0144 0.0177  0.1261590
 51906864.0000000    59.1234   -65.7826    53.7832 0.0172 0.0145 0.0177  51906864.3383710    59.2183   -65.8790    53.9067 0.0172 0.0145 0.0177  0.1383710
 51906934.0000000    81.9114   -97.0238    53.8771 0.0172 0.0144 0.0177  51906934.3842058    82.0556   -97.0592    53.8572 0.0172 0.0144 0.0177  0.1842060
 51906944.0000000    86.1424  -100.1481    53.6837 0.0171 0.0144 0.0176  51906944.3904982    86.3062  -100.1559    53.7207 0.0172 0.0144 0.0177  0.1904980
 51906954.0000000    90.5191  -102.8556    53.7604 0.0172 0.0145 0.0177  51906954.3966930    90.6507  -102.9256    53.5696 0.0173 0.0145 0.0178  0.1966930
 51906964.0000000    95.3091  -105.3966    53.4639 0.0172 0.0145 0.0177  51906964.4028502    95.4274  -105.6073    53.5951 0.0172 0.0144 0.0177  0.2028500
 51906974.0000000    99.6036  -108.1417    53.6949 0.0171 0.0144 0.0177  51906974.4090178    99.8045  -108.2049    53.6988 0.0171 0.0144 0.0176  0.2090180
 51906984.0000000   104.1789  -111.1263    53.7127 0.0172 0.0145 0.0177  51906984.4156868   104.3398  -111.2271    53.6398 0.0173 0.0145 0.0178  0.2156870
 51906994.0000000   108.4587  -113.9176    53.6578 0.0172 0.0144 0.0177  51906994.4219582   108.8038  -114.0334    53.6691 0.0172 0.0145 0.0177  0.2219580
 51907004.0000000   112.4967  -116.6757    53.7408 0.0172 0.0144 0.0177  51907004.4279459   112.6799  -116.8672    53.7261 0.0172 0.0144 0.0177  0.2279460
 51907014.0000000   116.9743  -119.1294    53.6701 0.0173 0.0145 0.0178  51907014.4342830   117.2458  -119.3880    53.5895 0.0173 0.0145 0.0178  0.2342830
 51907074.0000000   137.2270  -139.0436    53.7016 0.0173 0.0145 0.0178  51907074.4705312   137.5258  -139.1793    53.6226 0.0173 0.0145 0.0178  0.2705310
 51907084.0000000   142.1981  -136.5980    53.6855 0.0172 0.0145 0.0177  51907084.4726470   142.3246  -136.4589    53.6928 0.0173 0.0145 0.0178  0.2726470
 51907094.0000000   146.6812  -134.1006    53.7994 0.0172 0.0144 0.0177  51907094.4745152   146.7137  -133.8510    53.7264 0.0172 0.0144 0.0177  0.2745150
 51907104.0000000   150.8234  -132.0837    53.7384 0.0173 0.0145 0.0178  51907104.4770818   151.0725  -132.0443    53.6668 0.0173 0.0145 0.0178  0.2770820
 51907114.0000000   155.0529  -130.4608    53.7419 0.0173 0.0145 0.0178  51907114.4797959   155.3350  -130.4514    53.6646 0.0173 0.0144 0.0178  0.2797960
 51907144.0000000   170.3315  -125.8828    53.6583 0.0191 0.0156 0.0196  51907144.4915149   170.5289  -125.6985    53.7597 0.0191 0.0156 0.0196  0.2915150
 51907154.0000000   173.9372  -121.1956    53.7721 0.0190 0.0155 0.0195  51907154.4916558   174.0126  -120.9966    53.7883 0.0190 0.0155 0.0195  0.2916560
 51907164.0000000   176.4270  -116.4873    53.7005 0.0191 0.0156 0.0196  51907164.4908571   176.4739  -116.2120    53.8096 0.0191 0.0156 0.0196  0.2908570
 51907184.0000000   182.2426  -105.1474    53.8067 0.0190 0.0155 0.0195  51907184.4896569   182.3364  -104.7869    53.8637 0.0190 0.0155 0.0195  0.2896570
 51907194.0000000   184.8006   -99.2730    53.7703 0.0191 0.0156 0.0196  51907194.4888501   185.0068   -98.9180    53.8260 0.0191 0.0157 0.0196  0.2888500
 51907204.0000000   189.0462   -95.5275    53.6126 0.0190 0.0156 0.0195  51907204.4916751   189.2536   -95.5052    53.5401 0.0190 0.0156 0.0195  0.2916750
 51907214.0000000   193.3560   -92.2602    53.7314 0.0190 0.0155 0.0195  51907214.4947889   193.4590   -92.0699    53.7409 0.0190 0.0156 0.0195  0.2947890
 51907224.0000000   197.0997   -88.5725    53.6136 0.0202 0.0166 0.0208  51907224.4972012   197.4640   -88.4075    53.7111 0.0192 0.0158 0.0198  0.2972010
 51907234.0000000   201.3149   -84.0098    53.6643 0.0190 0.0156 0.0195  51907234.4998429   201.6288   -83.8315    53.7207 0.0190 0.0156 0.0195  0.2998430
 51907244.0000000   204.7749   -79.4331    53.6859 0.0190 0.0155 0.0194  51907244.5015149   204.7681   -79.2581    53.6514 0.0189 0.0155 0.0194  0.3015150
 51907254.0000000   207.9853   -73.7490    53.7212 0.0190 0.0156 0.0195  51907254.5029578   208.1587   -73.5191    53.7528 0.0190 0.0156 0.0196  0.3029580
 51907264.0000000   210.4802   -68.3850    53.7752 0.0190 0.0156 0.0195  51907264.5037541   210.5929   -68.1146    53.7785 0.0190 0.0156 0.0195  0.3037540
 51907294.0000000   223.4745   -59.8127    53.7998 0.0190 0.0156 0.0195  51907294.5170388   223.6450   -59.5733    53.8183 0.0190 0.0156 0.0195  0.3170390
 51907384.0000000   263.4382   -32.2479    53.5837 0.0189 0.0155 0.0194  51907384.5613732   263.7648   -32.0599    53.5035 0.0189 0.0155 0.0194  0.3613730
 51907414.0000000   277.1856   -23.0261    53.6292 0.0189 0.0156 0.0194  51907414.5777190   277.1516   -22.7502    53.6062 0.0189 0.0155 0.0194  0.3777190
 51907424.0000000   278.4796   -17.0181    53.6477 0.0188 0.0154 0.0193  51907424.5790558   278.5732   -16.5961    53.8482 0.0189 0.0154 0.0193  0.3790560
 51907434.0000000   277.4242    -9.7892    53.5402 0.0189 0.0155 0.0194  51907434.5768592   277.2872    -9.6073    53.5483 0.0189 0.0155 0.0194  0.3768590
 51907444.0000000   272.0870    -3.2800    53.5433 0.0189 0.0155 0.0194  51907444.5695560   271.7692    -2.9927    53.5436 0.0189 0.0155 0.0194  0.3695560
 51907454.0000000   266.0807     3.1763    53.5382 0.0188 0.0154 0.0193  51907454.5616610   265.7024     3.4214    53.5723 0.0188 0.0154 0.0193  0.3616610
 51907464.0000000   259.8073     9.5755    53.7116 0.0189 0.0155 0.0194  51907464.5537462   259.4333     9.8808    53.6661 0.0189 0.0155 0.0194  0.3537460
 51907474.0000000   253.6990    15.5634    53.7447 0.0189 0.0155 0.0194  51907474.5462041   253.4105    15.9234    53.7131 0.0189 0.0155 0.0194  0.3462040
 51907484.0000000   247.8832    21.5297    53.6999 0.0188 0.0154 0.0193  51907484.5391812   247.5897    21.8413    53.6252 0.0188 0.0154 0.0193  0.3391810
 51907494.0000000   242.5674    27.2483    53.6923 0.0189 0.0155 0.0194  51907494.5331709   242.3255    27.6585    53.6941 0.0189 0.0155 0.0194  0.3331710
 51907504.0000000   237.2402    33.5656    53.8167 0.0189 0.0155 0.0194  51907504.5274589   237.0685    34.0240    53.6931 0.0189 0.0155 0.0194  0.3274590
 51907514.0000000   232.3989    40.0987    53.7538 0.0188 0.0154 0.0193  51907514.5226350   232.1982    40.5487    53.7557 0.0188 0.0154 0.0193  0.3226350
 51907524.0000000   227.6017    46.1518    53.7084 0.0189 0.0155 0.0194  51907524.5175638   227.2130    46.3216    53.6602 0.0189 0.0155 0.0194  0.3175640
 51907534.0000000   220.3334    51.1110    53.4970 0.0188 0.0154 0.0193  51907534.5097091   219.9633    51.3436    53.5248 0.0189 0.0155 0.0193  0.3097090
 51907554.0000000   205.7929    60.8738    53.8266 0.0188 0.0155 0.0193  51907554.4949648   205.5722    61.1888    53.8288 0.0188 0.0155 0.0193  0.2949650
 51907564.0000000   199.2119    66.1804    53.7146 0.0188 0.0155 0.0193  51907564.4888248   198.8183    66.3233    53.6699 0.0188 0.0154 0.0193  0.2888250
 51907574.0000000   192.6374    71.3926    53.7673 0.0188 0.0154 0.0193  51907574.4832330   192.3102    71.6881    53.8727 0.0188 0.0154 0.0193  0.2832330
 51907584.0000000   186.5146    77.0357    53.6892 0.0200 0.0167 0.0207  51907584.4784958   186.1730    77.3036    53.6976 0.0200 0.0167 0.0207  0.2784960
 51907594.0000000   179.5709    83.5952    53.6348 0.0199 0.0167 0.0207  51907594.4737012   179.4326    83.9100    53.5980 0.0199 0.0166 0.0206  0.2737010
 51907604.0000000   173.3553    89.5618    53.7426 0.0187 0.0154 0.0192  51907604.4697921   173.0377    89.8530    53.7919 0.0187 0.0154 0.0192  0.2697920
 51907614.0000000   167.1937    95.7463    53.9624 0.0188 0.0155 0.0193  51907614.4667881   166.9254    96.1099    53.8469 0.0188 0.0155 0.0193  0.2667880
 51907624.0000000   161.5203   101.6458    53.7983 0.0188 0.0154 0.0192  51907624.4644048   161.3068   102.0096    53.8664 0.0188 0.0154 0.0192  0.2644050
 51907634.0000000   155.5411   108.0167    53.8443 0.0187 0.0153 0.0192  51907634.4625249   155.2487   108.3813    53.9425 0.0187 0.0153 0.0192  0.2625250
 51907644.0000000   149.6476   114.4690    53.6558 0.0188 0.0154 0.0193  51907644.4612548   149.3107   114.8400    53.7429 0.0188 0.0154 0.0193  0.2612550
 51907654.0000000   143.4118   120.4981    53.8451 0.0187 0.0154 0.0192  51907654.4599900   142.9554   120.7354    53.9128 0.0188 0.0154 0.0192  0.2599900
 51907674.0000000   126.8583   119.3058    53.5790 0.0188 0.0154 0.0192  51907674.4431460   126.5856   119.1082    53.7944 0.0188 0.0154 0.0192  0.2431460
 51907704.0000000   105.6157   105.5623    53.5434 0.0187 0.0154 0.0192  51907704.4112940   105.2996   105.1990    53.5600 0.0187 0.0154 0.0192  0.2112940
 51907714.0000000    99.6089   100.4652    53.8026 0.0187 0.0154 0.0192  51907714.4016588    99.4695   100.1817    53.6989 0.0187 0.0154 0.0192  0.2016590
 51907724.0000000    93.8558    95.6552    53.6870 0.0186 0.0153 0.0191  51907724.3923919    93.6204    95.4802    53.6849 0.0186 0.0153 0.0191  0.1923920
 51907734.0000000    87.6182    90.4691    53.5828 0.0187 0.0154 0.0192  51907734.3824308    87.3798    90.2139    53.7371 0.0187 0.0154 0.0192  0.1824310
 51907744.0000000    81.3360    85.9117    53.5786 0.0187 0.0154 0.0192  51907744.3730431    81.0038    85.7413    53.5139 0.0187 0.0154 0.0192  0.1730430
 51907754.0000000    74.6878    80.4544    53.8823 0.0186 0.0153 0.0191  51907754.3630710    74.3969    80.3760    53.9491 0.0186 0.0153 0.0191  0.1630710
 51907764.0000000    69.3995    74.2939    53.7511 0.0187 0.0154 0.0192  51907764.3533242    69.2035    74.0995    53.8236 0.0187 0.0154 0.0192  0.1533240
 51907774.0000000    64.6007    68.5536    53.6967 0.0187 0.0154 0.0191  51907774.3445609    64.5514    68.3344    53.5680 0.0186 0.0153 0.0191  0.1445610
 51907784.0000000    59.8510    62.6065    53.6250 0.0186 0.0153 0.0190  51907784.3357790    59.7497    62.3357    53.6033 0.0186 0.0153 0.0190  0.1357790
 51907794.0000000    54.6299    56.7379    53.7835 0.0187 0.0154 0.0191  51907794.3271928    54.3800    56.5792    53.8011 0.0187 0.0154 0.0192  0.1271930
 51907804.0000000    49.2016    50.8307    53.7324 0.0186 0.0153 0.0191  51907804.3183889    49.0429    50.6675    53.6908 0.0186 0.0153 0.0191  0.1183890
 51907814.0000000    43.6057    45.3285    53.4917 0.0185 0.0152 0.0190  51907814.3100111    43.5045    45.0694    53.4973 0.0186 0.0153 0.0190  0.1100110
 51907824.0000000    37.8537    39.8292    53.8327 0.0187 0.0154 0.0191  51907824.3025608    37.6506    39.6369    53.9010 0.0187 0.0154 0.0191  0.1025610
 51907834.0000000    31.7821    34.5822    53.6406 0.0186 0.0153 0.0191  51907834.2949982    31.6122    34.4119    53.6889 0.0186 0.0153 0.0191  0.0949980
 51907844.0000000    25.2595    29.4040    53.6994 0.0185 0.0153 0.0190  51907844.2881839    25.1180    29.2135    53.5036 0.0186 0.0153 0.0190  0.0881840
 51907854.0000000    18.2061    24.0950    53.6476 0.0186 0.0153 0.0191  51907854.2820258    18.0924    23.9211    53.6313 0.0186 0.0153 0.0191  0.0820260
 51907864.0000000    11.9389    18.9640    53.7070 0.0186 0.0153 0.0191  51907864.2775781    11.7088    18.8170    53.7358 0.0186 0.0153 0.0190  0.0775780
 51907874.0000000     6.9899    12.4531    53.7365 0.0185 0.0152 0.0190  51907874.2740748     6.8101    12.2685    53.7061 0.0185 0.0153 0.0190  0.0740750
 51907884.0000000     2.3473     5.8708    53.4831 0.0186 0.0153 0.0191  51907884.2718048     2.2976     5.6422    53.4949 0.0186 0.0153 0.0191  0.0718050
 51907894.0000000    -2.1830    -0.5235    53.6715 0.0185 0.0153 0.0190  51907894.2715490    -2.3493    -0.6904    53.5625 0.0185 0.0153 0.0190  0.0715490
 51907904.0000000    -6.9597    -7.3045    53.9115 0.0185 0.0152 0.0190  51907904.2731309    -7.0647    -7.4427    53.9066 0.0185 0.0152 0.0189  0.0731310
 51907914.0000000   -11.3011   -14.3538    53.8503 0.0186 0.0153 0.0190  51907914.2757778   -11.2964   -14.4963    53.7564 0.0186 0.0153 0.0190  0.0757780
 51907924.0000000   -15.6800   -20.7598    53.7410 0.0186 0.0153 0.0190  51907924.2796569   -15.7865   -20.8930    53.7278 0.0185 0.0153 0.0190  0.0796570
 51907934.0000000   -20.5789   -26.6533    53.6035 0.0184 0.0152 0.0189  51907934.2845950   -20.7322   -26.8551    53.6631 0.0184 0.0152 0.0189  0.0845950
 51907944.0000000   -25.3389   -33.3123    53.7805 0.0186 0.0153 0.0190  51907944.2909949   -25.6282   -33.4545    53.6495 0.0186 0.0153 0.0190  0.0909950
 51907954.0000000   -30.3265   -39.9009    53.6964 0.0185 0.0153 0.0190  51907954.2981381   -30.4796   -40.0251    53.8260 0.0185 0.0153 0.0190  0.0981380
 51907964.0000000   -34.9246   -46.2904    53.5395 0.0184 0.0152 0.0189  51907964.3054872   -35.0696   -46.4836    53.5785 0.0184 0.0152 0.0189  0.1054870
 51907974.0000000   -40.2957   -51.5536    53.5960 0.0185 0.0153 0.0190  51907974.3130169   -40.5270   -51.6745    53.6165 0.0185 0.0153 0.0190  0.1130170
 51907984.0000000   -46.7149   -57.1519    53.6679 0.0185 0.0153 0.0190  51907984.3218930   -47.0083   -57.3528    53.6541 0.0185 0.0153 0.0190  0.1218930
 51907994.0000000   -53.1879   -63.5697    53.6010 0.0184 0.0152 0.0189  51907994.3320458   -53.3819   -63.7935    53.7431 0.0184 0.0152 0.0189  0.1320460
 51908004.0000000   -59.0816   -69.1273    53.7393 0.0185 0.0153 0.0190  51908004.3411229   -59.3183   -69.3112    53.7349 0.0185 0.0153 0.0190  0.1411230
 51908014.0000000   -65.0554   -74.8891    53.5481 0.0185 0.0152 0.0189  51908014.3507380   -65.1977   -75.1389    53.6275 0.0185 0.0152 0.0189  0.1507380
 51908024.0000000   -70.5763   -79.6433    53.6930 0.0184 0.0152 0.0189  51908024.3598101   -70.7383   -79.8777    53.7184 0.0184 0.0152 0.0189  0.1598100
 51908034.0000000   -76.5353   -85.1102    53.8225 0.0185 0.0153 0.0189  51908034.3689260   -76.7105   -85.2613    53.7770 0.0185 0.0152 0.0189  0.1689260
 51908044.0000000   -82.2832   -90.8517    53.6438 0.0184 0.0152 0.0189  51908044.3787301   -82.5371   -90.9826    53.8454 0.0184 0.0152 0.0189  0.1787300
 51908054.0000000   -87.7652   -95.5780    53.7026 0.0184 0.0152 0.0188  51908054.3874888   -87.9761   -95.8214    53.6045 0.0184 0.0152 0.0188  0.1874890
 51908064.0000000   -93.2844  -101.1673    53.7435 0.0185 0.0152 0.0189  51908064.3975389   -93.5566  -101.3690    53.7757 0.0185 0.0152 0.0189  0.1975390
 51908074.0000000   -99.0488  -106.5325    54.0747 0.0184 0.0152 0.0189  51908074.4071920   -99.2269  -106.7432    54.0308 0.0184 0.0152 0.0189  0.2071920
 51908084.0000000  -104.5384  -112.7083    53.6246 0.0183 0.0151 0.0188  51908084.4174631  -104.7482  -113.0021    53.6873 0.0183 0.0151 0.0188  0.2174630
 51908094.0000000  -110.1590  -118.3105    53.6181 0.0184 0.0152 0.0189  51908094.4274139  -110.3291  -118.4550    53.7774 0.0184 0.0152 0.0189  0.2274140
 51908174.0000000  -161.5607  -146.0958    53.5755 0.0183 0.0151 0.0187  51908174.4991660  -161.7908  -145.9186    53.6035 0.0183 0.0151 0.0188  0.2991660
 51908184.0000000  -169.2307  -142.6626    53.8699 0.0184 0.0152 0.0188  51908184.5039492  -169.6550  -142.4834    53.7537 0.0184 0.0152 0.0188  0.3039490
 51908194.0000000  -177.5631  -139.8414    53.7831 0.0183 0.0152 0.0188  51908194.5098848  -177.9250  -139.6786    53.7324 0.0183 0.0151 0.0188  0.3098850
 51908204.0000000  -185.3518  -136.7050    53.5169 0.0183 0.0151 0.0187  51908204.5154021  -185.6596  -136.6643    53.3925 0.0182 0.0151 0.0187  0.3154020
 51908214.0000000  -192.0021  -132.2176    53.7500 0.0183 0.0152 0.0188  51908214.5190401  -192.3090  -132.0820    53.8392 0.0183 0.0152 0.0188  0.3190400
 51908224.0000000  -198.8755  -127.8833    53.6914 0.0183 0.0152 0.0187  51908224.5233078  -199.1881  -127.5634    53.6619 0.0183 0.0151 0.0187  0.3233080
 51908234.0000000  -206.1031  -123.6481    53.7112 0.0182 0.0151 0.0187  51908234.5281818  -206.2486  -123.3838    53.7668 0.0182 0.0151 0.0187  0.3281820
 51908244.0000000  -211.7790  -118.4723    53.7230 0.0183 0.0151 0.0188  51908244.5314178  -212.0435  -118.3300    53.6721 0.0184 0.0152 0.0188  0.3314180
 51908264.0000000  -223.4174  -106.3347    53.9175 0.0182 0.0151 0.0187  51908264.5378442  -223.7243  -106.0657    53.9367 0.0182 0.0151 0.0187  0.3378440
 51908284.0000000  -235.7231   -95.7395    53.9391 0.0183 0.0151 0.0187  51908284.5468082  -236.0371   -95.3318    53.9302 0.0183 0.0151 0.0187  0.3468080
 51908294.0000000  -241.8488   -90.2656    53.6940 0.0182 0.0150 0.0186  51908294.5515909  -242.1910   -90.0106    53.6969 0.0182 0.0151 0.0187  0.3515910
 51908304.0000000  -248.1842   -85.0968    53.6194 0.0183 0.0152 0.0187  51908304.5571640  -248.4492   -84.9531    53.6161 0.0183 0.0151 0.0187  0.3571640
 51908314.0000000  -254.8028   -79.4672    53.6217 0.0182 0.0151 0.0187  51908314.5632322  -255.2429   -79.3205    53.6498 0.0183 0.0151 0.0187  0.3632320
 51908324.0000000  -260.9060   -74.3575    53.7393 0.0182 0.0151 0.0186  51908324.5687099  -261.2129   -74.0119    53.7416 0.0182 0.0151 0.0186  0.3687100
 51908334.0000000  -265.1846   -67.8384    53.6020 0.0183 0.0151 0.0187  51908334.5717680  -265.3938   -67.4605    53.6390 0.0183 0.0152 0.0187  0.3717680
 51908344.0000000  -269.1473   -60.5926    53.5156 0.0182 0.0151 0.0187  51908344.5746160  -269.2477   -60.3115    53.4869 0.0182 0.0151 0.0187  0.3746160
 51908354.0000000  -272.9241   -53.7954    53.8724 0.0181 0.0150 0.0186  51908354.5777469  -273.3077   -53.2012    53.8073 0.0181 0.0151 0.0186  0.3777470
 51908364.0000000  -276.8153   -46.9489    53.7976 0.0182 0.0151 0.0187  51908364.5810919  -277.0543   -46.5232    53.7713 0.0182 0.0151 0.0187  0.3810920
 51908374.0000000  -280.5341   -39.3722    53.6910 0.0182 0.0151 0.0187  51908374.5846090  -280.8166   -39.1047    53.6273 0.0182 0.0151 0.0186  0.3846090
 51908384.0000000  -284.3613   -32.9160    53.7096 0.0181 0.0150 0.0186  51908384.5882471  -284.5625   -32.5013    53.7813 0.0181 0.0150 0.0186  0.3882470
 51908404.0000000  -291.4952   -20.9053    53.7878 0.0182 0.0151 0.0186  51908404.5959749  -291.4287   -20.4079    53.7902 0.0182 0.0151 0.0186  0.3959750
 51908414.0000000  -293.4584   -14.3361    53.5973 0.0181 0.0150 0.0185  51908414.5979838  -293.3510   -13.9748    53.5531 0.0181 0.0150 0.0186  0.3979840
 51908424.0000000  -294.7797    -7.3024    53.6591 0.0182 0.0151 0.0187  51908424.5995650  -295.0362    -6.7978    53.6810 0.0182 0.0152 0.0187  0.3995650
 51908434.0000000  -295.4535    -0.9360    53.7051 0.0182 0.0151 0.0186  51908434.6002479  -295.4047    -0.5346    53.7004 0.0182 0.0151 0.0186  0.4002480
 51908444.0000000  -293.4120     5.8771    53.5133 0.0181 0.0150 0.0185  51908444.5974669  -293.2634     6.1443    53.5448 0.0181 0.0150 0.0185  0.3974670
 51908465.0000000  -289.7597    19.1679    53.8464 0.0181 0.0150 0.0186  51908465.5934498  -289.5065    19.6811    53.7551 0.0181 0.0150 0.0186  0.3934500
 51908484.0000000  -282.1209    28.0754    53.8086 0.0182 0.0151 0.0186  51908484.5844848  -281.7905    28.4383    53.7727 0.0182 0.0151 0.0186  0.3844850
 51908494.0000000  -277.1886    32.1668    53.7185 0.0181 0.0151 0.0186  51908494.5785601  -276.8097    32.4529    53.6628 0.0181 0.0151 0.0186  0.3785600
 51908504.0000000  -271.9958    36.0793    53.8691 0.0180 0.0150 0.0185  51908504.5726130  -271.7620    36.3716    53.8336 0.0180 0.0150 0.0185  0.3726130
 51908514.0000000  -267.2335    40.1973    53.8902 0.0182 0.0151 0.0186  51908514.5674322  -267.1612    40.4556    53.8492 0.0182 0.0151 0.0186  0.3674320
 51908524.0000000  -262.0751    44.7025    53.7563 0.0181 0.0150 0.0186  51908524.5614381  -261.6799    44.9782    53.7736 0.0181 0.0151 0.0186  0.3614380
 51908544.0000000  -253.1568    52.9128    53.7364 0.0181 0.0151 0.0186  51908544.5521469  -252.9083    53.1232    53.7463 0.0181 0.0151 0.0186  0.3521470
 51908554.0000000  -248.5108    56.3701    53.9101 0.0181 0.0150 0.0185  51908554.5471158  -248.2677    56.8016    53.9666 0.0181 0.0150 0.0185  0.3471160
 51908564.0000000  -243.3063    59.4793    53.7135 0.0180 0.0150 0.0185  51908564.5412679  -242.9691    59.7437    53.8122 0.0180 0.0150 0.0185  0.3412680
 51908575.0000000  -237.4562    62.8283    53.6710 0.0181 0.0151 0.0185  51908575.5351989  -237.2893    62.9377    53.5792 0.0181 0.0151 0.0185  0.3351990
 51908585.0000000  -232.3635    65.1780    53.7424 0.0181 0.0150 0.0185  51908585.5295959  -232.1640    65.3481    53.5976 0.0180 0.0150 0.0185  0.3295960
 51908595.0000000  -228.4913    69.5313    53.6458 0.0180 0.0150 0.0184  51908595.5263169  -228.3042    69.7789    53.7926 0.0180 0.0150 0.0185  0.3263170
 51908605.0000000  -225.5549    76.5995    53.6637 0.0181 0.0151 0.0185  51908605.5256748  -225.4644    77.0416    53.6668 0.0181 0.0151 0.0185  0.3256750
 51908615.0000000  -223.1680    83.1034    53.7204 0.0181 0.0150 0.0185  51908615.5252929  -223.0632    83.2942    53.5471 0.0180 0.0150 0.0185  0.3252930
 51908625.0000000  -220.4811    89.3296    53.6650 0.0180 0.0150 0.0184  51908625.5251451  -220.3881    89.6824    53.8359 0.0180 0.0150 0.0184  0.3251450
 51908635.0000000  -217.5360    96.0318    53.7844 0.0181 0.0150 0.0185  51908635.5250609  -217.3611    96.3183    53.6414 0.0181 0.0151 0.0185  0.3250610
 51908645.0000000  -214.3914   101.8536    53.6621 0.0181 0.0150 0.0185  51908645.5243001  -214.2058   102.1627    53.6277 0.0180 0.0150 0.0185  0.3243000
 51908655.0000000  -210.6422   107.8572    53.7375 0.0180 0.0150 0.0184  51908655.5235941  -210.5769   108.3542    53.8104 0.0180 0.0150 0.0184  0.3235940
 51908665.0000000  -207.1153   113.2645    53.8519 0.0181 0.0150 0.0185  51908665.5227489  -206.9186   113.5604    53.8405 0.0181 0.0150 0.0185  0.3227490
 51908675.0000000  -202.9776   118.1732    53.6691 0.0181 0.0150 0.0185  51908675.5211041  -202.5810   118.4025    53.6949 0.0180 0.0150 0.0185  0.3211040
 51908685.0000000  -198.2816   123.0536    53.6903 0.0180 0.0150 0.0184  51908685.5192702  -198.1232   123.2246    53.6697 0.0180 0.0150 0.0184  0.3192700
 51908695.0000000  -194.1965   126.7627    53.8936 0.0181 0.0151 0.0185  51908695.5174129  -194.0635   127.1047    53.9362 0.0181 0.0151 0.0185  0.3174130
 51908705.0000000  -189.4339   130.6997    53.7151 0.0180 0.0150 0.0184  51908705.5149410  -189.0922   130.8450    53.6487 0.0180 0.0150 0.0184  0.3149410
 51908725.0000000  -178.6833   138.4894    53.7913 0.0180 0.0150 0.0185  51908725.5097818  -178.4346   138.5287    53.6433 0.0180 0.0150 0.0185  0.3097820
 51908735.0000000  -173.8068   140.1998    53.7281 0.0180 0.0150 0.0184  51908735.5061762  -173.6007   140.1426    53.7634 0.0180 0.0150 0.0184  0.3061760
 51908755.0000000  -163.2265   136.4998    53.7711 0.0180 0.0150 0.0185  51908755.4926300  -162.9270   136.5546    53.9194 0.0181 0.0150 0.0185  0.2926300
 51908775.0000000  -152.8378   132.5075    53.8483 0.0179 0.0150 0.0184  51908775.4792519  -152.6040   132.3752    53.8265 0.0179 0.0149 0.0184  0.2792520
 51908785.0000000  -147.7387   130.1943    53.8651 0.0180 0.0150 0.0184  51908785.4722638  -147.4611   130.1209    53.8831 0.0180 0.0150 0.0184  0.2722640
 51908805.0000000  -136.3285   126.3882    53.6460 0.0179 0.0149 0.0183  51908805.4578228  -136.0926   126.2924    53.5851 0.0179 0.0149 0.0183  0.2578230
 51908835.0000000  -126.1935   114.4534    53.7781 0.0179 0.0149 0.0183  51908835.4383068  -126.0112   114.2545    53.7151 0.0179 0.0149 0.0183  0.2383070
 51908895.0000000  -107.6397    84.7373    53.7594 0.0179 0.0149 0.0183  51908895.3962548  -107.4873    84.5813    53.7323 0.0179 0.0149 0.0183  0.1962550
 51908915.0000000  -100.0196    76.7842    53.6557 0.0179 0.0150 0.0183  51908915.3826139   -99.7570    76.6112    53.6427 0.0179 0.0150 0.0184  0.1826140
 51908925.0000000   -94.2991    74.1158    53.5793 0.0179 0.0149 0.0183  51908925.3750749   -94.0842    74.0127    53.5125 0.0179 0.0149 0.0183  0.1750750
 51908935.0000000   -89.5604    71.6945    53.9603 0.0180 0.0150 0.0184  51908935.3690038   -89.4569    71.5609    53.8003 0.0180 0.0150 0.0184  0.1690040
 51908945.0000000   -84.0464    68.4527    53.6657 0.0179 0.0150 0.0184  51908945.3611598   -83.8219    68.4363    53.5946 0.0179 0.0150 0.0184  0.1611600
 51908955.0000000   -79.8663    65.2620    53.6066 0.0172 0.0144 0.0176  51908955.3549762   -79.6334    65.1714    53.6524 0.0172 0.0144 0.0176  0.1549760
 51908965.0000000   -75.3154    61.8468    53.5823 0.0173 0.0145 0.0176  51908965.3481898   -75.0754    61.8347    53.6411 0.0173 0.0145 0.0177  0.1481900
 51908975.0000000   -70.8125    58.4100    53.4933 0.0172 0.0145 0.0176  51908975.3415010   -70.6043    58.3104    53.5321 0.0172 0.0144 0.0176  0.1415010
 51908985.0000000   -67.1019    54.7060    53.6127 0.0172 0.0144 0.0175  51908985.3356378   -67.0570    54.5272    53.5589 0.0172 0.0144 0.0175  0.1356380
 51908995.0000000   -63.2688    50.6959    53.6619 0.0173 0.0145 0.0176  51908995.3295641   -63.1405    50.5580    53.6757 0.0173 0.0145 0.0176  0.1295640
 51909005.0000000   -59.9999    46.6100    53.4689 0.0172 0.0144 0.0176  51909005.3237791   -59.8370    46.4511    53.6055 0.0172 0.0144 0.0176  0.1237790
 51909015.0000000   -56.5131    41.4318    53.7745 0.0171 0.0144 0.0175  51909015.3176448   -56.4198    41.3107    53.6721 0.0171 0.0144 0.0175  0.1176450
 51909025.0000000   -53.5358    36.5321    53.6683 0.0172 0.0144 0.0176  51909025.3120708   -53.4823    36.4076    53.5595 0.0172 0.0145 0.0176  0.1120710
 51909035.0000000   -48.3529    32.7793    53.8022 0.0172 0.0144 0.0176  51909035.3058522   -48.2132    32.7927    53.8108 0.0172 0.0144 0.0175  0.1058520
 51909045.0000000   -43.6450    30.8654    53.3678 0.0171 0.0145 0.0175  51909045.3005209   -43.4106    30.6543    53.4595 0.0171 0.0144 0.0175  0.1005210
 51909055.0000000   -37.9640    28.5791    53.5748 0.0172 0.0145 0.0176  51909055.2954559   -37.8352    28.4426    53.4694 0.0172 0.0145 0.0176  0.0954560
 51909065.0000000   -32.8073    26.4211    53.7532 0.0171 0.0144 0.0175  51909065.2910342   -32.7033    26.3118    53.8134 0.0172 0.0144 0.0175  0.0910340
 51909075.0000000   -28.8381    23.1843    53.7098 0.0172 0.0151 0.0177  51909075.2869060   -28.7673    23.0486    53.7418 0.0172 0.0152 0.0178  0.0869060
 51909085.0000000   -25.5313    17.9421    53.8813 0.0173 0.0153 0.0178  51909085.2830052   -25.3524    17.8646    53.9297 0.0173 0.0153 0.0178  0.0830050
 51909095.0000000   -22.1817    13.3329    53.7042 0.0171 0.0144 0.0175  51909095.2794309   -22.1678    13.1667    53.6542 0.0171 0.0144 0.0175  0.0794310
 51909105.0000000   -19.2250     9.5302    53.7131 0.0171 0.0144 0.0175  51909105.2770898   -19.1098     9.4523    53.6744 0.0171 0.0144 0.0175  0.0770900
 51909115.0000000   -15.4475     5.7190    53.7595 0.0172 0.0144 0.0175  51909115.2749438   -15.3519     5.6888    53.7973 0.0172 0.0144 0.0175  0.0749440
 51909125.0000000   -11.0414     2.1629    53.4946 0.0171 0.0144 0.0175  51909125.2728949   -10.8989     2.0458    53.5633 0.0171 0.0144 0.0175  0.0728950
 51909135.0000000    -5.6997    -1.2052    53.7793 0.0170 0.0144 0.0174  51909135.2721140    -5.6200    -1.3640    53.7974 0.0171 0.0143 0.0174  0.0721140
 51909145.0000000    -0.6454    -4.1914    53.6727 0.0172 0.0144 0.0175  51909145.2718649    -0.5447    -4.3055    53.8155 0.0172 0.0144 0.0175  0.0718650
 51909155.0000000     3.3522    -8.5503    53.9446 0.0172 0.0144 0.0175  51909155.2729688     3.4252    -8.6413    54.0086 0.0171 0.0144 0.0175  0.0729690
 51909165.0000000     6.6810   -14.0783    53.7687 0.0170 0.0143 0.0174  51909165.2746091     6.7704   -14.2417    53.7585 0.0170 0.0143 0.0174  0.0746090
 51909175.0000000     9.5386   -19.1475    53.5672 0.0171 0.0144 0.0175  51909175.2770221     9.5979   -19.2715    53.6584 0.0171 0.0144 0.0175  0.0770220
 51909185.0000000    12.5710   -23.6761    53.7948 0.0171 0.0144 0.0174  51909185.2801249    12.6457   -23.8363    53.7324 0.0171 0.0144 0.0174  0.0801250
 51909195.0000000    15.5594   -28.6514    53.7111 0.0171 0.0143 0.0174  51909195.2839098    15.5718   -28.7161    53.8513 0.0170 0.0143 0.0174  0.0839100
 51909205.0000000    19.7040   -32.8669    53.5279 0.0171 0.0144 0.0175  51909205.2877698    19.8658   -33.0121    53.4760 0.0171 0.0144 0.0175  0.0877700
 51909215.0000000    23.4629   -36.9340    53.5110 0.0171 0.0144 0.0174  51909215.2921438    23.5879   -37.1216    53.4164 0.0171 0.0144 0.0174  0.0921440
 51909225.0000000    28.7511   -40.7613    53.6925 0.0170 0.0143 0.0174  51909225.2977660    28.9004   -40.9138    53.5953 0.0170 0.0143 0.0174  0.0977660
 51909235.0000000    33.1967   -44.1075    53.7152 0.0171 0.0144 0.0174  51909235.3028810    33.3893   -44.2373    53.8356 0.0171 0.0144 0.0174  0.1028810
 51909245.0000000    37.9097   -47.5705    53.5613 0.0171 0.0144 0.0174  51909245.3081021    38.0726   -47.7553    53.5481 0.0171 0.0145 0.0175  0.1081020
 51909255.0000000    42.2691   -50.4465    53.4216 0.0170 0.0143 0.0174  51909255.3131871    42.4084   -50.6412    53.4823 0.0170 0.0143 0.0174  0.1131870
 51909265.0000000    47.3400   -53.3177    53.6258 0.0171 0.0144 0.0174  51909265.3190458    47.5101   -53.4574    53.6292 0.0171 0.0144 0.0174  0.1190460
 51909275.0000000    51.0957   -56.9453    53.8502 0.0170 0.0143 0.0174  51909275.3248248    51.1366   -57.0956    53.8066 0.0170 0.0143 0.0174  0.1248250
 51909285.0000000    53.8350   -62.1079    53.7581 0.0170 0.0143 0.0173  51909285.3310518    53.9274   -62.3753    53.7384 0.0170 0.0143 0.0173  0.1310520
 51909325.0000000    64.7723   -82.7853    53.8839 0.0171 0.0144 0.0174  51909325.3575969    64.8558   -82.9729    53.8178 0.0171 0.0144 0.0174  0.1575970
 51909345.0000000    71.3214   -90.8692    53.9938 0.0170 0.0143 0.0173  51909345.3701530    71.4238   -90.9351    53.9331 0.0170 0.0143 0.0173  0.1701530
 51909385.0000000    85.5508  -111.0904    53.6485 0.0170 0.0144 0.0174  51909385.4003458    85.6508  -111.3196    53.6075 0.0171 0.0144 0.0174  0.2003460
 51909395.0000000    89.5947  -114.0736    53.4985 0.0170 0.0143 0.0173  51909395.4065731    89.7478  -114.1747    53.5732 0.0170 0.0143 0.0173  0.2065730
 51909405.0000000    94.1050  -115.7030    53.7738 0.0169 0.0143 0.0173  51909405.4116230    94.4071  -115.6822    53.5971 0.0169 0.0143 0.0173  0.2116230
 51909415.0000000    99.8232  -117.6383    53.5624 0.0170 0.0144 0.0174  51909415.4185028   100.1114  -117.8538    53.6332 0.0171 0.0144 0.0174  0.2185030
 51909445.0000000   115.7743  -123.4196    53.6648 0.0170 0.0144 0.0174  51909445.4369271   115.9885  -123.5229    53.7053 0.0170 0.0144 0.0174  0.2369270
 51909485.0000000   127.9595  -142.2133    53.7703 0.0177 0.0150 0.0182  51909485.4651849   128.1384  -142.3449    53.7723 0.0177 0.0150 0.0182  0.2651850
 51909505.0000000   136.3210  -143.1135    53.6523 0.0177 0.0150 0.0182  51909505.4732049   136.5536  -143.0558    53.5501 0.0177 0.0150 0.0182  0.2732050
 51909515.0000000   141.7625  -140.9126    53.5692 0.0177 0.0150 0.0181  51909515.4761782   142.1552  -140.7843    53.7272 0.0177 0.0150 0.0181  0.2761780
 51909525.0000000   147.6130  -138.7353    53.7177 0.0176 0.0149 0.0181  51909525.4794738   147.7139  -138.6412    53.7456 0.0176 0.0149 0.0181  0.2794740
 51909535.0000000   152.5893  -136.9833    53.7894 0.0177 0.0150 0.0182  51909535.4828250   152.7614  -136.8958    53.4268 0.0177 0.0150 0.0182  0.2828250
 51909545.0000000   157.6810  -135.3231    53.4530 0.0176 0.0150 0.0181  51909545.4864600   158.0757  -135.2095    53.4735 0.0177 0.0150 0.0181  0.2864600
 51909555.0000000   163.9909  -133.3450    53.3339 0.0176 0.0149 0.0181  51909555.4910071   164.3271  -133.4258    53.5352 0.0176 0.0149 0.0181  0.2910070
 51909565.0000000   168.6757  -129.9835    53.4663 0.0177 0.0150 0.0182  51909565.4927039   168.8694  -129.7044    53.4365 0.0177 0.0150 0.0182  0.2927040
 51909575.0000000   173.0787  -124.7266    53.5734 0.0177 0.0150 0.0181  51909575.4933488   173.2928  -124.4452    53.6873 0.0176 0.0150 0.0181  0.2933490
 51909585.0000000   176.8216  -119.5991    53.6052 0.0176 0.0149 0.0181  51909585.4933891   176.9986  -119.4143    53.5060 0.0176 0.0149 0.0181  0.2933890
 51909605.0000000   185.1426  -108.6707    53.4643 0.0176 0.0150 0.0181  51909605.4952428   185.3831  -108.5204    53.5610 0.0176 0.0149 0.0181  0.2952430
 51909615.0000000   189.3120  -103.5382    53.8371 0.0176 0.0149 0.0180  51909615.4966099   189.5857  -103.2045    53.7980 0.0176 0.0149 0.0180  0.2966100
 51909625.0000000   193.5796   -99.2896    53.7878 0.0177 0.0150 0.0181  51909625.4988499   193.7766   -98.9490    53.8109 0.0177 0.0150 0.0181  0.2988500
 51909635.0000000   198.5199   -93.8914    53.3828 0.0176 0.0149 0.0181  51909635.5013199   198.6397   -93.8246    53.3909 0.0176 0.0150 0.0181  0.3013200
 51909645.0000000   202.2364   -89.2101    53.3092 0.0176 0.0149 0.0180  51909645.5033612   202.4827   -88.9023    53.4328 0.0176 0.0149 0.0181  0.3033610
 51909655.0000000   207.2483   -83.6275    53.5707 0.0177 0.0150 0.0181  51909655.5066278   207.4959   -83.2406    53.6035 0.0176 0.0150 0.0181  0.3066280
 51909665.0000000   212.4062   -79.0540    53.7848 0.0176 0.0150 0.0181  51909665.5106149   212.6630   -78.7821    53.7653 0.0176 0.0149 0.0180  0.3106150
 51909675.0000000   216.5966   -74.5369    53.4807 0.0175 0.0149 0.0180  51909675.5138352   216.9090   -74.2590    53.6083 0.0176 0.0149 0.0180  0.3138350
 51909685.0000000   220.8179   -70.1351    53.4577 0.0177 0.0150 0.0181  51909685.5170758   220.8865   -70.0044    53.5781 0.0176 0.0150 0.0181  0.3170760
 51909705.0000000   229.0188   -62.0679    53.6421 0.0175 0.0149 0.0180  51909705.5246749   229.4343   -61.8574    53.5582 0.0175 0.0149 0.0180  0.3246750
 51909735.0000000   243.1213   -49.4505    53.7347 0.0175 0.0148 0.0180  51909735.5387018   243.4058   -49.1521    53.6696 0.0175 0.0149 0.0180  0.3387020
 51909795.0000000   273.1519   -25.9872    53.4603 0.0175 0.0149 0.0179  51909795.5727310   273.4275   -25.7832    53.4844 0.0175 0.0149 0.0179  0.3727310
 51909825.0000000   282.2496   -11.5784    53.5826 0.0175 0.0148 0.0179  51909825.5830588   282.1463   -11.3313    53.4733 0.0175 0.0148 0.0179  0.3830590
 51909835.0000000   276.9468    -6.2973    53.6087 0.0176 0.0149 0.0180  51909835.5756271   276.5106    -6.0013    53.5372 0.0176 0.0150 0.0180  0.3756270
 51909845.0000000   269.6255    -1.9608    53.6249 0.0175 0.0149 0.0180  51909845.5661521   269.3083    -1.6907    53.7288 0.0175 0.0149 0.0180  0.3661520
 51909855.0000000   262.9369     2.8257    53.7677 0.0175 0.0148 0.0179  51909855.5575120   262.6236     3.2075    53.7555 0.0175 0.0149 0.0179  0.3575120
 51909876.0000000   250.4877    13.6970    53.6580 0.0175 0.0149 0.0179  51909876.5416901   250.3048    14.0965    53.6192 0.0175 0.0149 0.0180  0.3416900
 51909886.0000000   245.8263    19.5022    53.5813 0.0175 0.0149 0.0179  51909886.5360658   245.3525    19.8516    53.4501 0.0175 0.0149 0.0179  0.3360660
 51909896.0000000   240.8605    25.7905    53.6365 0.0176 0.0149 0.0180  51909896.5306020   240.5673    25.9055    53.6454 0.0176 0.0149 0.0180  0.3306020
 51909906.0000000   235.0840    30.0178    53.6772 0.0175 0.0148 0.0179  51909906.5236640   234.7359    30.2960    53.7845 0.0175 0.0148 0.0179  0.3236640
 51909916.0000000   228.9469    34.4233    53.5995 0.0175 0.0149 0.0179  51909916.5167098   228.7914    34.6117    53.6025 0.0175 0.0148 0.0179  0.3167100
 51909926.0000000   223.3623    39.5296    53.6577 0.0176 0.0149 0.0180  51909926.5104899   223.1442    39.7355    53.5286 0.0176 0.0149 0.0180  0.3104900
 51909936.0000000   218.3029    44.2042    53.5680 0.0175 0.0149 0.0179  51909936.5052249   218.1539    44.4617    53.6806 0.0175 0.0149 0.0179  0.3052250
 51909946.0000000   213.8823    48.3629    53.4527 0.0174 0.0148 0.0179  51909946.5007498   213.8143    48.5444    53.5028 0.0175 0.0148 0.0179  0.3007500
 51909966.0000000   202.9493    56.3174    53.5863 0.0175 0.0149 0.0179  51909966.4894118   202.7500    56.4761    53.5497 0.0175 0.0149 0.0179  0.2894120
 51909976.0000000   197.1040    59.0751    53.6871 0.0175 0.0149 0.0179  51909976.4833949   197.0356    59.4014    53.7142 0.0175 0.0149 0.0179  0.2833950
 51909986.0000000   190.5190    63.2180    53.7886 0.0176 0.0149 0.0180  51909986.4765840   189.8865    63.4895    53.5552 0.0175 0.0149 0.0180  0.2765840
 51909996.0000000   183.2050    66.3266    53.3525 0.0175 0.0149 0.0179  51909996.4691558   183.0254    66.4248    53.5298 0.0175 0.0149 0.0179  0.2691560
 51910006.0000000   177.5692    69.0387    53.6229 0.0175 0.0148 0.0179  51910006.4635470   177.2743    69.0762    53.5155 0.0174 0.0148 0.0179  0.2635470
 51910016.0000000   171.5629    72.6774    53.4899 0.0175 0.0149 0.0179  51910016.4585788   171.3287    72.7409    53.6601 0.0175 0.0149 0.0179  0.2585790
 51910026.0000000   165.6806    76.1161    53.5057 0.0175 0.0148 0.0179  51910026.4532318   165.4567    76.2581    53.6638 0.0174 0.0148 0.0179  0.2532320
 51910036.0000000   160.6340    79.3617    53.5334 0.0174 0.0148 0.0179  51910036.4490678   160.3492    79.3517    53.4768 0.0175 0.0148 0.0179  0.2490680
 51910046.0000000   155.9872    82.0556    53.4394 0.0175 0.0149 0.0179  51910046.4453139   155.7119    82.0804    53.3572 0.0175 0.0149 0.0179  0.2453140
 51910056.0000000   150.7087    86.0481    53.4754 0.0175 0.0148 0.0179  51910056.4419930   150.5023    86.1391    53.5854 0.0175 0.0148 0.0179  0.2419930
 51910066.0000000   145.2324    91.0369    53.6192 0.0174 0.0148 0.0178  51910066.4394100   145.0269    91.2297    53.6856 0.0174 0.0148 0.0179  0.2394100
 51910076.0000000   141.3313    96.1253    53.5188 0.0175 0.0149 0.0179  51910076.4387238   141.1637    96.3741    53.5962 0.0175 0.0149 0.0179  0.2387240
 51910086.0000000   137.7398   100.2801    53.5200 0.0175 0.0149 0.0179  51910086.4379380   137.4428   100.3516    53.6530 0.0174 0.0149 0.0179  0.2379380
 51910096.0000000   134.0242   104.5006    53.5883 0.0174 0.0149 0.0179  51910096.4376309   133.7540   104.7403    53.7054 0.0174 0.0149 0.0179  0.2376310
 51910116.0000000   128.9203   118.7562    53.5438 0.0174 0.0148 0.0179  51910116.4444180   128.7548   118.9755    53.6130 0.0174 0.0149 0.0179  0.2444180
 51910126.0000000   127.1847   124.6630    53.8617 0.0174 0.0148 0.0178  51910126.4482100   127.1227   125.0151    53.7178 0.0174 0.0149 0.0179  0.2482100
 51910146.0000000   130.3881   132.2105    53.3853 0.0174 0.0148 0.0178  51910146.4577498   130.5176   132.3540    53.5793 0.0174 0.0148 0.0178  0.2577500
 51910156.0000000   134.6350   134.2365    53.7056 0.0167 0.0144 0.0171  51910156.4634001   135.0431   134.0991    53.5521 0.0167 0.0144 0.0171  0.2634000
 51910176.0000000   139.4688   128.5674    53.5745 0.0167 0.0144 0.0171  51910176.4626410   139.4626   128.3716    53.4483 0.0167 0.0144 0.0171  0.2626410
 51910186.0000000   138.7551   124.7272    53.5591 0.0166 0.0144 0.0171  51910186.4586768   138.7631   124.5946    53.5955 0.0167 0.0144 0.0171  0.2586770
 51910206.0000000   131.6441   117.4742    53.7532 0.0167 0.0144 0.0171  51910206.4456749   131.4460   117.3158    53.7676 0.0166 0.0144 0.0171  0.2456750
 51910216.0000000   126.1865   113.0965    53.5364 0.0166 0.0144 0.0171  51910216.4366169   125.9110   112.8433    53.3667 0.0167 0.0144 0.0171  0.2366170
 51910226.0000000   120.7307   111.1660    53.6052 0.0167 0.0144 0.0171  51910226.4299638   120.4545   111.1577    53.6712 0.0167 0.0144 0.0171  0.2299640
 51910236.0000000   114.1237   112.0298    53.6857 0.0167 0.0144 0.0171  51910236.4248199   113.9031   112.2346    53.6910 0.0166 0.0144 0.0171  0.2248200
 51910246.0000000   106.9269   115.9405    53.5163 0.0166 0.0144 0.0171  51910246.4220428   106.7281   116.0973    53.6886 0.0166 0.0144 0.0171  0.2220430
 51910256.0000000   101.0564   119.2292    53.6116 0.0167 0.0145 0.0172  51910256.4202940   100.8115   119.4494    53.6409 0.0167 0.0144 0.0171  0.2202940
 51910266.0000000    94.6072   123.4861    53.6915 0.0167 0.0144 0.0171  51910266.4193878    94.4458   123.7006    53.7497 0.0166 0.0144 0.0171  0.2193880
 51910276.0000000    89.4876   126.9916    53.7081 0.0166 0.0144 0.0171  51910276.4190650    89.3164   127.2100    53.7387 0.0167 0.0144 0.0171  0.2190650
 51910286.0000000    84.2607   131.0130    53.6120 0.0167 0.0145 0.0171  51910286.4195929    84.0346   131.1542    53.4336 0.0167 0.0145 0.0171  0.2195930
 51910296.0000000    76.5377   136.6139    53.6826 0.0167 0.0144 0.0171  51910296.4206729    76.3585   136.7944    53.6022 0.0166 0.0144 0.0171  0.2206730
 51910306.0000000    71.1482   140.0129    53.7410 0.0166 0.0144 0.0171  51910306.4213040    70.7877   140.2398    53.7407 0.0166 0.0144 0.0171  0.2213040
 51910316.0000000    65.9854   143.6989    53.6188 0.0167 0.0145 0.0171  51910316.4225750    65.8784   143.7621    53.5801 0.0167 0.0144 0.0171  0.2225750
 51910326.0000000    60.6160   148.3199    53.4882 0.0166 0.0144 0.0171  51910326.4252219    60.3685   148.4457    53.5640 0.0166 0.0144 0.0171  0.2252220
 51910336.0000000    55.6875   151.9082    53.5226 0.0166 0.0145 0.0171  51910336.4272590    55.6003   152.0234    53.5526 0.0166 0.0144 0.0171  0.2272590
 51910356.0000000    46.7579   160.6244    53.6493 0.0166 0.0144 0.0171  51910356.4343798    46.5932   160.8131    53.5917 0.0166 0.0144 0.0171  0.2343800
 51910376.0000000    39.0468   168.2935    53.6623 0.0167 0.0144 0.0171  51910376.4415300    38.8460   168.3410    53.6951 0.0167 0.0144 0.0171  0.2415300
 51910386.0000000    34.6715   171.1967    53.7724 0.0167 0.0144 0.0171  51910386.4436538    34.4211   171.4841    53.8174 0.0166 0.0144 0.0171  0.2436540
 51910396.0000000    28.0130   175.3997    53.9552 0.0166 0.0144 0.0171  51910396.4474678    27.6491   175.7222    53.8560 0.0166 0.0144 0.0171  0.2474680
 51910406.0000000    20.9547   179.6217    53.6526 0.0167 0.0144 0.0171  51910406.4514909    20.5332   179.7388    53.6232 0.0167 0.0144 0.0171  0.2514910
 51910416.0000000    15.0272   182.7263    53.6458 0.0166 0.0145 0.0171  51910416.4546778    14.7714   182.9102    53.6535 0.0167 0.0145 0.0171  0.2546780
 51910426.0000000     9.3875   186.1677    53.7271 0.0166 0.0144 0.0171  51910426.4589541     9.0955   186.3529    53.6623 0.0166 0.0144 0.0171  0.2589540
 51910446.0000000    -1.6631   194.5598    53.5766 0.0166 0.0144 0.0171  51910446.4693511    -1.8281   194.5792    53.4706 0.0166 0.0144 0.0171  0.2693510
 51910476.0000000   -15.7835   206.4717    53.6698 0.0167 0.0144 0.0171  51910476.4855070   -16.1514   206.8338    53.5684 0.0166 0.0144 0.0171  0.2855070
 51910486.0000000   -20.2516   210.9711    53.6540 0.0166 0.0145 0.0171  51910486.4915111   -20.3850   211.1770    53.4968 0.0166 0.0144 0.0171  0.2915110
 51910536.0000000   -45.2255   230.4771    53.9203 0.0186 0.0159 0.0192  51910536.5214679   -45.8319   230.8311    53.8404 0.0192 0.0163 0.0197  0.3214680
