# time0_transmit N0 E0 U0 sigN0 sigE0 sigU0 time1_receive N1 E1 U1 sigN1 sigE1 sigU1 TWTT(s)
# transmit/receive times in seconds after 2020-1-1 00:00:00 (UTC)
# Topocentric coordinates: Lat0=32.8668445 deg., Lon0=-117.2701205 deg., H0=-88.738 m 
 49231669.0000000    55.7853   115.8632    53.3079 0.0168 0.0150 0.0177  49231669.3857999    55.8253   115.8985    53.2556 0.0168 0.0150 0.0177  0.1858000
 49231679.0000000    57.7569   117.2049    53.3736 0.0169 0.0151 0.0178  49231679.3884718    57.8834   117.3697    53.3361 0.0169 0.0151 0.0178  0.1884720
 49231689.0000000    59.3624   118.9188    53.2009 0.0167 0.0149 0.0176  49231689.3911152    59.4363   118.9499    53.2140 0.0167 0.0149 0.0176  0.1911150
 49231699.0000000    61.0720   120.6129    53.4637 0.0168 0.0150 0.0177  49231699.3941188    61.1475   120.7409    53.3995 0.0168 0.0150 0.0177  0.1941190
 49231709.0000000    62.8068   121.8488    53.2827 0.0169 0.0151 0.0178  49231709.3963499    62.8984   121.8850    53.3784 0.0169 0.0151 0.0178  0.1963500
 49231719.0000000    64.6997   123.8020    52.8509 0.0167 0.0149 0.0176  49231719.3994241    64.7362   123.7122    52.8329 0.0167 0.0149 0.0176  0.1994240
 49231729.0000000    66.4046   125.3173    53.2536 0.0201 0.0178 0.0212  49231729.4022920    66.4753   125.4062    53.3013 0.0172 0.0153 0.0181  0.2022920
 49231739.0000000    68.2296   127.0284    53.0460 0.0202 0.0179 0.0213  49231739.4050980    68.2880   127.0847    53.1070 0.0202 0.0179 0.0213  0.2050980
 49231749.0000000    69.8126   129.4358    53.2453 0.0200 0.0177 0.0211  49231749.4088562    69.9096   129.5120    53.1373 0.0200 0.0176 0.0210  0.2088560
 49231759.0000000    71.8495   130.6329    53.3197 0.0201 0.0177 0.0212  49231759.4113960    71.9012   130.7585    53.4785 0.0201 0.0178 0.0212  0.2113960
 49231769.0000000    73.7390   132.9097    53.4197 0.0202 0.0179 0.0213  49231769.4151452    73.7959   133.0760    53.2710 0.0203 0.0179 0.0214  0.2151450
 49231779.0000000    75.0423   134.7260    53.2783 0.0200 0.0177 0.0211  49231779.4178238    75.1118   134.7452    53.2339 0.0200 0.0176 0.0210  0.2178240
 49231789.0000000    76.8302   136.4410    53.6978 0.0169 0.0151 0.0178  49231789.4210420    76.9039   136.6217    53.6130 0.0177 0.0157 0.0187  0.2210420
 49231799.0000000    78.5102   138.0176    53.1290 0.0178 0.0158 0.0188  49231799.4234869    78.5476   138.0293    53.0992 0.0177 0.0158 0.0187  0.2234870
 49231809.0000000    80.1957   139.7518    53.1432 0.0167 0.0149 0.0176  49231809.4266548    80.2851   139.8571    53.1256 0.0168 0.0149 0.0176  0.2266550
 49231819.0000000    81.8036   141.6114    52.8867 0.0169 0.0150 0.0178  49231819.4294732    81.9000   141.5679    52.9606 0.0169 0.0150 0.0178  0.2294730
 49231829.0000000    83.5603   143.3584    53.3884 0.0170 0.0151 0.0179  49231829.4326859    83.6219   143.4824    53.4957 0.0170 0.0151 0.0179  0.2326860
 49231839.0000000    85.1044   145.8350    53.2142 0.0175 0.0156 0.0185  49231839.4363198    85.0837   145.8733    53.2211 0.0175 0.0156 0.0185  0.2363200
 49231849.0000000    86.5268   147.9492    53.1456 0.0179 0.0159 0.0189  49231849.4394979    86.5395   147.9531    53.1186 0.0179 0.0158 0.0189  0.2394980
 49231869.0000000    89.3695   151.6557    53.1697 0.0175 0.0156 0.0185  49231869.4454482    89.4799   151.6922    53.1300 0.0175 0.0156 0.0185  0.2454480
 49231879.0000000    91.0182   153.4497    53.3688 0.0176 0.0157 0.0186  49231879.4485848    91.1031   153.6054    53.3038 0.0176 0.0157 0.0186  0.2485850
 49231921.0000000   107.2013   170.5007    53.4987 0.0177 0.0157 0.0187  49231921.4783950   107.7091   170.6814    53.4430 0.0177 0.0157 0.0187  0.2783950
 49232021.0000000    69.6948   112.3830    53.3413 0.0174 0.0155 0.0184  49232021.3902230    69.5572   112.2075    53.4463 0.0174 0.0154 0.0184  0.1902230
 49232041.0000000    62.2237   102.8827    53.2589 0.0177 0.0157 0.0187  49232041.3756242    62.1776   102.8171    53.3429 0.0177 0.0157 0.0187  0.1756240
 49232071.0000000    52.2809    88.0635    53.3311 0.0177 0.0157 0.0187  49232071.3540041    52.2559    87.7899    53.2153 0.0177 0.0157 0.0187  0.1540040
 49232081.0000000    49.9834    82.5732    53.1247 0.0174 0.0154 0.0184  49232081.3469758    49.9484    82.3104    53.0845 0.0174 0.0154 0.0183  0.1469760
 49232091.0000000    46.2525    79.1728    52.8300 0.0177 0.0156 0.0186  49232091.3412230    45.9719    79.1081    52.8992 0.0177 0.0156 0.0186  0.1412230
 49232101.0000000    39.3147    83.0703    53.0672 0.0177 0.0157 0.0187  49232101.3416440    39.0955    83.1856    53.0349 0.0177 0.0157 0.0187  0.1416440
 49232111.0000000    33.3606    87.6204    53.3751 0.0174 0.0154 0.0184  49232111.3440681    33.2006    87.8564    53.4274 0.0174 0.0154 0.0183  0.1440680
 49232121.0000000    28.0015    92.3543    53.5040 0.0176 0.0156 0.0186  49232121.3473539    27.8464    92.5783    53.5730 0.0177 0.0156 0.0186  0.1473540
 49232131.0000000    22.0965    96.6093    53.2823 0.0177 0.0157 0.0186  49232131.3501911    21.9039    96.7668    53.2291 0.0177 0.0156 0.0186  0.1501910
 49232141.0000000    16.1092    99.4444    53.4846 0.0174 0.0154 0.0183  49232141.3521981    15.8526    99.5742    53.4403 0.0174 0.0154 0.0183  0.1521980
 49232151.0000000     9.6367   102.1217    53.1951 0.0176 0.0156 0.0186  49232151.3541250     9.4416   102.1275    53.0100 0.0176 0.0156 0.0186  0.1541250
 49232161.0000000     3.2488   103.3353    53.1450 0.0176 0.0156 0.0186  49232161.3551128     2.9822   103.3816    53.1588 0.0177 0.0156 0.0186  0.1551130
 49232171.0000000    -3.2590   103.4189    53.2382 0.0174 0.0154 0.0183  49232171.3552458    -3.4761   103.4217    53.2325 0.0174 0.0154 0.0183  0.1552460
 49232181.0000000    -9.7692   102.1053    53.2567 0.0176 0.0156 0.0186  49232181.3541911    -9.9892   102.0621    53.2929 0.0176 0.0156 0.0186  0.1541910
 49232191.0000000   -15.9290   100.0459    53.3781 0.0176 0.0156 0.0186  49232191.3527548   -16.1482    99.9818    53.4159 0.0177 0.0156 0.0186  0.1527550
 49232201.0000000   -22.0719    97.4105    53.4749 0.0174 0.0154 0.0183  49232201.3512459   -22.3333    97.4635    53.5554 0.0173 0.0154 0.0183  0.1512460
 49232211.0000000   -28.6727    96.6161    53.3433 0.0176 0.0156 0.0186  49232211.3521371   -28.9206    96.5564    53.1860 0.0176 0.0156 0.0186  0.1521370
 49232221.0000000   -34.8576    94.6092    52.8769 0.0177 0.0156 0.0186  49232221.3519349   -35.0077    94.4773    52.9261 0.0177 0.0156 0.0186  0.1519350
 49232231.0000000   -40.0587    92.4419    53.1090 0.0174 0.0154 0.0183  49232231.3519850   -40.2687    92.3902    53.1872 0.0174 0.0153 0.0183  0.1519850
 49232241.0000000   -45.5144    89.9092    53.1421 0.0176 0.0156 0.0186  49232241.3520362   -45.6399    89.8550    53.2548 0.0176 0.0156 0.0186  0.1520360
 49232251.0000000   -50.4946    87.2462    53.1905 0.0176 0.0156 0.0186  49232251.3520391   -50.6740    87.1004    53.1456 0.0176 0.0156 0.0186  0.1520390
 49232261.0000000   -54.9027    83.3469    53.4207 0.0173 0.0153 0.0183  49232261.3510010   -55.0603    83.2185    53.4719 0.0173 0.0153 0.0183  0.1510010
 49232271.0000000   -58.0948    77.8512    53.2398 0.0176 0.0156 0.0186  49232271.3477042   -58.1763    77.6364    53.2624 0.0176 0.0156 0.0186  0.1477040
 49232281.0000000   -60.9208    72.2156    52.9115 0.0176 0.0156 0.0186  49232281.3444078   -61.0128    71.9701    52.8986 0.0176 0.0156 0.0186  0.1444080
 49232291.0000000   -64.6051    67.5231    53.0475 0.0174 0.0153 0.0183  49232291.3434241   -64.6959    67.4275    53.1811 0.0173 0.0153 0.0182  0.1434240
 49232301.0000000   -70.1326    64.0571    53.1803 0.0176 0.0156 0.0186  49232301.3452358   -70.3907    63.9136    53.1308 0.0176 0.0155 0.0186  0.1452360
 49232311.0000000   -76.8552    62.1448    52.8843 0.0176 0.0156 0.0186  49232311.3497598   -77.0602    61.9748    53.0117 0.0176 0.0156 0.0186  0.1497600
 49232321.0000000   -83.6427    61.8456    53.3372 0.0173 0.0153 0.0183  49232321.3560679   -83.8884    61.9276    53.2890 0.0173 0.0153 0.0182  0.1560680
 49232331.0000000   -90.2484    61.4032    53.2231 0.0176 0.0155 0.0185  49232331.3620360   -90.4083    61.3139    53.1075 0.0176 0.0156 0.0186  0.1620360
 49232341.0000000   -95.6891    58.2795    53.2507 0.0176 0.0156 0.0186  49232341.3656008   -95.8421    58.2113    53.3650 0.0176 0.0156 0.0186  0.1656010
 49232351.0000000   -99.6250    53.6909    53.2053 0.0173 0.0153 0.0182  49232351.3668249   -99.7445    53.4539    53.2052 0.0173 0.0153 0.0182  0.1668250
 49232361.0000000  -101.0716    47.0114    53.1726 0.0176 0.0155 0.0185  49232361.3647039  -101.0893    46.7447    53.1314 0.0176 0.0155 0.0185  0.1647040
 49232371.0000000  -100.3095    39.9074    53.3608 0.0176 0.0156 0.0186  49232371.3605828  -100.3634    39.7324    53.3236 0.0176 0.0156 0.0186  0.1605830
 49232381.0000000   -99.2657    33.7368    53.0318 0.0173 0.0153 0.0183  49232381.3567381   -99.2617    33.5741    53.1531 0.0173 0.0153 0.0182  0.1567380
 49232391.0000000   -97.4853    28.2497    53.2660 0.0176 0.0155 0.0185  49232391.3528361   -97.4175    28.0235    53.2963 0.0176 0.0155 0.0185  0.1528360
 49232401.0000000   -95.9801    22.8547    53.4777 0.0176 0.0155 0.0186  49232401.3496282   -95.9213    22.6863    53.4137 0.0176 0.0155 0.0186  0.1496280
 49232411.0000000   -94.8885    16.7001    53.0245 0.0173 0.0153 0.0182  49232411.3467188   -94.8624    16.4928    53.0877 0.0173 0.0153 0.0182  0.1467190
 49232421.0000000   -94.6015    10.8640    53.4388 0.0175 0.0155 0.0185  49232421.3456569   -94.5498    10.7110    53.4826 0.0176 0.0155 0.0185  0.1456570
 49232431.0000000   -95.5348     5.2892    53.2406 0.0176 0.0155 0.0185  49232431.3460808   -95.5250     5.0954    53.2442 0.0176 0.0155 0.0185  0.1460810
 49232441.0000000   -95.8962    -0.8401    53.1203 0.0173 0.0153 0.0182  49232441.3462391   -95.8457    -1.0979    53.0218 0.0173 0.0152 0.0182  0.1462390
 49232451.0000000   -96.1339    -7.1340    53.0146 0.0175 0.0155 0.0185  49232451.3467939   -96.1238    -7.4110    53.0250 0.0176 0.0155 0.0185  0.1467940
 49232461.0000000   -96.0724   -12.8137    53.0382 0.0176 0.0155 0.0185  49232461.3474360   -96.0822   -13.0242    53.1209 0.0176 0.0155 0.0185  0.1474360
 49232471.0000000   -95.2770   -18.6005    53.2035 0.0173 0.0152 0.0182  49232471.3476889   -95.2620   -18.8409    53.1485 0.0173 0.0152 0.0182  0.1476890
 49232481.0000000   -94.6684   -24.2850    53.0604 0.0175 0.0155 0.0185  49232481.3483748   -94.6239   -24.5840    52.9579 0.0175 0.0155 0.0185  0.1483750
 49232491.0000000   -94.2338   -29.8619    53.0869 0.0176 0.0155 0.0185  49232491.3497651   -94.2319   -30.1704    52.9985 0.0175 0.0155 0.0185  0.1497650
 49232501.0000000   -93.3412   -35.1322    53.5849 0.0173 0.0153 0.0182  49232501.3510230   -93.2849   -35.2593    53.5424 0.0172 0.0153 0.0182  0.1510230
 49232511.0000000   -91.0601   -41.1159    53.3582 0.0175 0.0155 0.0185  49232511.3510742   -90.9161   -41.3370    53.3184 0.0175 0.0155 0.0185  0.1510740
 49232521.0000000   -87.5099   -47.1807    52.9879 0.0175 0.0155 0.0185  49232521.3503571   -87.3896   -47.3803    53.0463 0.0176 0.0155 0.0185  0.1503570
 49232532.0000000   -82.6758   -52.5052    53.4766 0.0172 0.0152 0.0181  49232532.3488050   -82.4940   -52.5934    53.4245 0.0172 0.0152 0.0181  0.1488050
 49232541.0000000   -78.8916   -57.2486    53.2833 0.0176 0.0155 0.0185  49232541.3482330   -78.7603   -57.3966    53.3166 0.0175 0.0155 0.0185  0.1482330
 49232551.0000000   -74.8398   -62.3098    52.9682 0.0175 0.0155 0.0185  49232551.3479629   -74.7476   -62.5816    52.9261 0.0175 0.0155 0.0185  0.1479630
 49232561.0000000   -71.3921   -67.3387    53.1757 0.0173 0.0152 0.0182  49232561.3489349   -71.2798   -67.5570    53.1522 0.0172 0.0152 0.0181  0.1489350
 49232571.0000000   -68.2384   -72.0083    53.1775 0.0175 0.0154 0.0184  49232571.3501968   -68.1164   -72.1716    53.2162 0.0175 0.0154 0.0185  0.1501970
 49232581.0000000   -65.1141   -77.3793    53.1877 0.0175 0.0155 0.0185  49232581.3524952   -65.0442   -77.6138    53.1704 0.0175 0.0155 0.0185  0.1524950
 49232591.0000000   -61.8961   -83.2559    53.2509 0.0173 0.0152 0.0182  49232591.3556418   -61.7885   -83.3100    53.4613 0.0172 0.0152 0.0181  0.1556420
 49232601.0000000   -58.1747   -87.8357    53.1097 0.0175 0.0154 0.0184  49232601.3574598   -58.0311   -88.0859    53.0909 0.0175 0.0154 0.0184  0.1574600
 49232611.0000000   -52.7160   -91.9920    53.2672 0.0175 0.0154 0.0185  49232611.3582559   -52.4760   -92.0603    53.3016 0.0175 0.0154 0.0185  0.1582560
 49232621.0000000   -45.7391   -94.9408    53.3741 0.0172 0.0152 0.0181  49232621.3574460   -45.3888   -94.9817    53.1858 0.0172 0.0152 0.0181  0.1574460
 49232631.0000000   -38.3648   -97.3081    53.3809 0.0175 0.0154 0.0184  49232631.3565979   -38.1022   -97.2400    53.4864 0.0175 0.0154 0.0184  0.1565980
 49232642.0000000   -29.7418   -97.3926    53.2383 0.0175 0.0154 0.0184  49232642.3532631   -29.4562   -97.3978    53.2308 0.0175 0.0154 0.0184  0.1532630
 49232651.0000000   -22.7778   -96.5882    53.0819 0.0172 0.0152 0.0181  49232651.3500659   -22.5605   -96.5175    53.1331 0.0172 0.0152 0.0181  0.1500660
 49232661.0000000   -15.6049   -94.7836    53.2450 0.0175 0.0154 0.0184  49232661.3464444   -15.3402   -94.6936    53.2379 0.0175 0.0154 0.0184  0.1464440
 49232671.0000000    -8.2766   -93.0046    53.3340 0.0175 0.0154 0.0185  49232671.3434408    -8.0705   -93.0185    53.2423 0.0175 0.0154 0.0185  0.1434410
 49232681.0000000    -0.9029   -92.8939    53.2586 0.0172 0.0152 0.0181  49232681.3428271    -0.6843   -92.8740    53.2004 0.0172 0.0151 0.0181  0.1428270
 49232691.0000000     6.3176   -92.9713    53.3328 0.0175 0.0154 0.0184  49232691.3432572     6.5954   -92.9739    53.3326 0.0175 0.0154 0.0184  0.1432570
 49232701.0000000    13.7686   -93.2601    53.4552 0.0175 0.0154 0.0185  49232701.3446000    13.9529   -93.2613    53.4839 0.0175 0.0154 0.0184  0.1446000
 49232711.0000000    20.7269   -94.0914    53.1623 0.0172 0.0151 0.0181  49232711.3468578    20.9920   -94.1195    53.1390 0.0172 0.0151 0.0181  0.1468580
 49232721.0000000    27.8164   -93.9176    52.9102 0.0175 0.0154 0.0184  49232721.3486269    28.0674   -93.9668    52.9705 0.0175 0.0154 0.0184  0.1486270
 49232731.0000000    35.2722   -93.1360    53.1556 0.0175 0.0154 0.0184  49232731.3506310    35.5335   -93.0997    53.1648 0.0175 0.0154 0.0184  0.1506310
 49232741.0000000    42.5747   -91.3051    53.0324 0.0172 0.0151 0.0181  49232741.3519640    42.8272   -91.2336    53.1912 0.0172 0.0151 0.0181  0.1519640
 49232752.0000000    49.5972   -87.7198    53.1353 0.0175 0.0154 0.0184  49232752.3519881    49.8750   -87.6236    53.0767 0.0175 0.0154 0.0184  0.1519880
 49232761.0000000    55.3267   -83.9178    53.3299 0.0175 0.0154 0.0184  49232761.3517399    55.5742   -83.6772    53.2020 0.0175 0.0154 0.0184  0.1517400
 49232771.0000000    61.5734   -79.6545    53.2573 0.0172 0.0151 0.0181  49232771.3519609    61.7772   -79.4978    53.3553 0.0171 0.0151 0.0180  0.1519610
 49232781.0000000    67.2129   -74.7598    53.4063 0.0175 0.0154 0.0184  49232781.3518620    67.4593   -74.5444    53.3227 0.0175 0.0154 0.0184  0.1518620
 49232791.0000000    73.0683   -71.2348    53.3438 0.0175 0.0154 0.0184  49232791.3535771    73.2698   -70.9835    53.2588 0.0175 0.0154 0.0184  0.1535770
 49232801.0000000    78.8938   -67.1938    53.2645 0.0171 0.0151 0.0180  49232801.3554151    79.0714   -67.0023    53.1323 0.0172 0.0151 0.0180  0.1554150
 49232811.0000000    83.9964   -62.4199    53.0718 0.0174 0.0153 0.0183  49232811.3565762    84.2055   -62.2467    53.0506 0.0174 0.0153 0.0183  0.1565760
 49232821.0000000    88.5670   -56.9322    53.3536 0.0175 0.0154 0.0184  49232821.3574781    88.6686   -56.7152    53.4289 0.0174 0.0154 0.0184  0.1574780
 49232832.0000000    93.1636   -49.9504    53.2549 0.0171 0.0150 0.0180  49232832.3579252    93.2926   -49.7125    53.2827 0.0171 0.0151 0.0180  0.1579250
 49232842.0000000    96.7091   -43.4385    53.2680 0.0174 0.0153 0.0183  49232842.3582468    96.7788   -43.2363    53.2594 0.0174 0.0153 0.0184  0.1582470
 49232852.0000000    99.5139   -37.0759    53.1439 0.0174 0.0153 0.0183  49232852.3584049    99.5872   -36.8058    53.1381 0.0174 0.0153 0.0183  0.1584050
 49232862.0000000   101.6356   -29.5616    53.2674 0.0171 0.0150 0.0180  49232862.3580239   101.6967   -29.2149    53.1702 0.0171 0.0150 0.0180  0.1580240
 49232872.0000000   102.6388   -21.7630    53.3287 0.0174 0.0153 0.0183  49232872.3570049   102.6930   -21.4781    53.2018 0.0174 0.0153 0.0183  0.1570050
 49232882.0000000   102.3612   -14.2945    53.3506 0.0174 0.0154 0.0184  49232882.3551178   102.3006   -14.0479    53.3197 0.0174 0.0154 0.0184  0.1551180
 49232892.0000000   101.2725    -6.5396    53.3916 0.0171 0.0150 0.0179  49232892.3529229   101.2093    -6.1731    53.3363 0.0171 0.0150 0.0180  0.1529230
 49232902.0000000   100.0887     1.0120    53.3464 0.0174 0.0153 0.0183  49232902.3513169   100.0814     1.3410    53.4061 0.0174 0.0153 0.0183  0.1513170
 49232912.0000000    98.8459     8.2973    53.4273 0.0174 0.0153 0.0183  49232912.3503122    98.7852     8.5601    53.4280 0.0174 0.0153 0.0183  0.1503120
 49232922.0000000    97.1160    16.0669    53.0396 0.0171 0.0150 0.0179  49232922.3491619    97.0682    16.3864    52.9469 0.0171 0.0150 0.0180  0.1491620
 49232932.0000000    95.0334    23.0993    53.2094 0.0174 0.0153 0.0183  49232932.3485789    95.0044    23.3799    53.2170 0.0174 0.0153 0.0183  0.1485790
 49232942.0000000    92.9227    30.4453    53.0105 0.0174 0.0153 0.0183  49232942.3483629    92.7985    30.6772    52.9148 0.0174 0.0153 0.0183  0.1483630
 49232952.0000000    90.1765    37.0238    53.2840 0.0170 0.0150 0.0179  49232952.3481789    90.0853    37.1764    53.2207 0.0171 0.0150 0.0179  0.1481790
 49232962.0000000    86.9263    43.3781    53.4156 0.0174 0.0153 0.0183  49232962.3478699    86.7891    43.6585    53.3059 0.0174 0.0153 0.0183  0.1478700
 49232972.0000000    83.2721    49.5787    53.1068 0.0174 0.0153 0.0183  49232972.3474388    83.1025    49.7697    53.1375 0.0174 0.0153 0.0183  0.1474390
 49232982.0000000    79.5299    55.6715    53.4227 0.0170 0.0150 0.0179  49232982.3478978    79.4336    55.9642    53.5307 0.0171 0.0150 0.0179  0.1478980
 49232992.0000000    76.1922    62.2615    53.4866 0.0174 0.0153 0.0183  49232992.3494999    76.1630    62.5621    53.3963 0.0174 0.0153 0.0183  0.1495000
 49233002.0000000    73.0739    68.7150    53.0477 0.0174 0.0153 0.0183  49233002.3514459    72.9395    68.8964    53.1012 0.0174 0.0153 0.0183  0.1514460
 49233012.0000000    70.1391    75.6385    52.7946 0.0170 0.0150 0.0179  49233012.3546212    69.9837    75.7258    52.8700 0.0170 0.0150 0.0179  0.1546210
 49233022.0000000    67.1433    81.5279    53.1190 0.0169 0.0149 0.0178  49233022.3578560    66.9870    81.7226    53.2610 0.0169 0.0148 0.0177  0.1578560
 49233032.0000000    64.3735    87.9960    53.3950 0.0169 0.0148 0.0177  49233032.3620379    64.3278    88.2010    53.2758 0.0169 0.0148 0.0177  0.1620380
 49233042.0000000    61.1376    94.2451    53.3837 0.0166 0.0146 0.0174  49233042.3660052    61.0133    94.5581    53.3452 0.0166 0.0146 0.0174  0.1660050
 49233052.0000000    58.0061   100.4367    52.9837 0.0169 0.0148 0.0177  49233052.3701391    57.8344   100.5650    53.0124 0.0169 0.0148 0.0177  0.1701390
 49233062.0000000    53.3862   105.9638    53.2103 0.0173 0.0151 0.0182  49233062.3735459    53.2265   106.1468    53.2582 0.0173 0.0151 0.0182  0.1735460
 49233072.0000000    47.5258   109.9126    53.1554 0.0170 0.0148 0.0178  49233072.3748071    47.3189   109.9930    53.1401 0.0170 0.0148 0.0178  0.1748070
 49233082.0000000    40.6863   111.9399    53.1683 0.0173 0.0151 0.0182  49233082.3740332    40.4569   111.9933    53.1053 0.0174 0.0151 0.0182  0.1740330
 49233092.0000000    33.4877   111.8012    52.9465 0.0173 0.0151 0.0182  49233092.3709652    33.2191   111.7166    52.9839 0.0173 0.0151 0.0182  0.1709650
 49233102.0000000    26.6925   111.9116    53.2908 0.0170 0.0148 0.0178  49233102.3691299    26.4549   111.8859    53.3323 0.0170 0.0148 0.0178  0.1691300
 49233112.0000000    20.0195   112.0349    52.9437 0.0173 0.0151 0.0182  49233112.3673952    19.8088   111.9142    52.9024 0.0173 0.0151 0.0182  0.1673950
 49233122.0000000    13.9628   111.1777    53.1658 0.0173 0.0151 0.0182  49233122.3654141    13.7268   111.1073    53.1315 0.0173 0.0151 0.0182  0.1654140
 49233132.0000000     7.7789   110.7592    53.1455 0.0169 0.0148 0.0177  49233132.3641512     7.5390   110.6691    53.0085 0.0170 0.0148 0.0178  0.1641510
 49233142.0000000     1.4922   110.0492    52.9632 0.0173 0.0151 0.0181  49233142.3629029     1.2985   109.9068    52.8790 0.0173 0.0151 0.0182  0.1629030
 49233152.0000000    -4.3509   108.3840    53.2667 0.0173 0.0151 0.0182  49233152.3612759    -4.4821   108.4566    53.3818 0.0173 0.0151 0.0181  0.1612760
 49233162.0000000   -10.0500   106.7561    53.2746 0.0169 0.0148 0.0177  49233162.3596671   -10.2643   106.6537    53.3341 0.0170 0.0148 0.0178  0.1596670
 49233172.0000000   -15.8799   104.9775    52.9361 0.0173 0.0151 0.0181  49233172.3582330   -16.0596   104.8505    52.9366 0.0173 0.0151 0.0181  0.1582330
 49233182.0000000   -20.9333   102.9489    53.1657 0.0173 0.0151 0.0181  49233182.3570821   -21.1249   102.8592    53.2338 0.0173 0.0150 0.0181  0.1570820
 49233192.0000000   -26.1296    99.7839    53.1234 0.0169 0.0148 0.0177  49233192.3547828   -26.2579    99.6737    53.1963 0.0169 0.0148 0.0177  0.1547830
 49233202.0000000   -30.5416    95.2766    53.2586 0.0173 0.0150 0.0181  49233202.3512421   -30.7411    95.1624    53.3344 0.0173 0.0150 0.0181  0.1512420
 49233212.0000000   -35.3481    91.4221    53.0249 0.0173 0.0151 0.0181  49233212.3486271   -35.5421    91.2138    52.9024 0.0173 0.0151 0.0181  0.1486270
 49233222.0000000   -40.5654    87.3324    53.2453 0.0169 0.0148 0.0177  49233222.3468740   -40.8065    87.2726    53.3058 0.0169 0.0148 0.0177  0.1468740
 49233232.0000000   -46.7559    83.9719    52.9754 0.0173 0.0151 0.0181  49233232.3463840   -46.8954    83.7621    52.9765 0.0173 0.0151 0.0181  0.1463840
 49233242.0000000   -52.1590    80.4037    53.1119 0.0172 0.0150 0.0181  49233242.3461959   -52.3783    80.2525    53.0944 0.0172 0.0150 0.0181  0.1461960
 49233252.0000000   -58.4729    77.6185    53.2544 0.0169 0.0147 0.0177  49233252.3478992   -58.7112    77.5596    53.2194 0.0169 0.0147 0.0177  0.1478990
 49233262.0000000   -65.4601    75.9696    52.9154 0.0172 0.0150 0.0181  49233262.3512940   -65.6892    75.8012    52.8533 0.0172 0.0150 0.0181  0.1512940
 49233272.0000000   -72.2324    74.9443    52.9180 0.0172 0.0150 0.0181  49233272.3558669   -72.4856    74.8422    52.9117 0.0172 0.0150 0.0181  0.1558670
 49233282.0000000   -78.8163    74.0823    53.0701 0.0169 0.0147 0.0177  49233282.3607848   -79.0627    73.9582    52.9369 0.0169 0.0147 0.0177  0.1607850
 49233292.0000000   -85.0124    72.0204    53.0925 0.0172 0.0150 0.0181  49233292.3647251   -85.1962    71.8755    53.1104 0.0172 0.0150 0.0181  0.1647250
 49233302.0000000   -90.5103    68.3606    53.1218 0.0172 0.0150 0.0180  49233302.3671901   -90.7310    68.1633    53.0959 0.0172 0.0150 0.0180  0.1671900
 49233312.0000000   -94.7626    63.1033    53.1236 0.0169 0.0147 0.0177  49233312.3676710   -94.8837    62.8686    53.2558 0.0169 0.0147 0.0177  0.1676710
 49233322.0000000   -97.0956    56.7697    53.3905 0.0172 0.0150 0.0180  49233322.3659830   -97.0973    56.4511    53.2761 0.0172 0.0150 0.0180  0.1659830
 49233332.0000000   -97.3252    49.7246    52.9419 0.0172 0.0150 0.0180  49233332.3619182   -97.1979    49.5384    53.0293 0.0172 0.0150 0.0180  0.1619180
 49233342.0000000   -95.2707    43.1497    53.3276 0.0168 0.0147 0.0176  49233342.3565748   -95.1392    42.9921    53.4843 0.0169 0.0147 0.0177  0.1565750
 49233352.0000000   -92.5314    36.6508    53.3391 0.0172 0.0150 0.0180  49233352.3505402   -92.4221    36.5149    53.4121 0.0172 0.0150 0.0180  0.1505400
 49233362.0000000   -90.4411    30.7181    53.1770 0.0172 0.0150 0.0180  49233362.3456829   -90.3554    30.4453    53.0360 0.0172 0.0150 0.0180  0.1456830
 49233372.0000000   -89.1557    24.4939    53.1832 0.0168 0.0147 0.0176  49233372.3422332   -89.0990    24.2494    53.1546 0.0169 0.0147 0.0176  0.1422330
 49233382.0000000   -88.9863    17.8312    53.2050 0.0172 0.0150 0.0180  49233382.3403888   -88.9745    17.6495    53.3059 0.0172 0.0150 0.0180  0.1403890
 49233392.0000000   -90.7355    12.0119    53.0661 0.0172 0.0149 0.0180  49233392.3411689   -90.8513    11.7418    52.9692 0.0172 0.0149 0.0180  0.1411690
 49233402.0000000   -93.9793     6.2318    53.2795 0.0168 0.0146 0.0176  49233402.3444598   -94.1294     6.1051    53.3564 0.0168 0.0147 0.0176  0.1444600
 49233412.0000000   -97.4840     0.8090    53.3781 0.0172 0.0149 0.0180  49233412.3483438   -97.5891     0.6504    53.4347 0.0172 0.0150 0.0180  0.1483440
 49233422.0000000  -100.6429    -4.7075    52.9970 0.0172 0.0149 0.0180  49233422.3519230  -100.7054    -4.9641    52.9479 0.0172 0.0149 0.0180  0.1519230
 49233432.0000000  -102.2334   -11.1058    53.2343 0.0168 0.0147 0.0176  49233432.3545210  -102.2751   -11.3676    53.1665 0.0168 0.0147 0.0176  0.1545210
 49233442.0000000  -102.4526   -18.0941    53.1385 0.0172 0.0149 0.0180  49233442.3558960  -102.4438   -18.3546    53.1146 0.0172 0.0149 0.0180  0.1558960
 49233452.0000000  -101.8385   -25.0104    53.2637 0.0172 0.0149 0.0180  49233452.3569949  -101.8329   -25.0798    53.4028 0.0172 0.0149 0.0180  0.1569950
 49233462.0000000  -100.2923   -31.2903    52.9246 0.0168 0.0146 0.0176  49233462.3570108  -100.2220   -31.5542    52.9570 0.0168 0.0147 0.0176  0.1570110
 49233472.0000000   -97.0618   -37.3109    53.1995 0.0172 0.0149 0.0180  49233472.3557882   -96.8899   -37.5415    53.0815 0.0172 0.0149 0.0180  0.1557880
 49233482.0000000   -93.2898   -43.2425    53.2282 0.0172 0.0149 0.0180  49233482.3544891   -93.0851   -43.4240    53.2799 0.0172 0.0149 0.0180  0.1544890
 49233492.0000000   -88.8658   -48.4220    52.8193 0.0168 0.0146 0.0176  49233492.3523698   -88.7204   -48.6812    52.8724 0.0168 0.0146 0.0176  0.1523700
 49233502.0000000   -84.3123   -53.1206    53.1994 0.0172 0.0149 0.0180  49233502.3507109   -84.1456   -53.3226    53.0953 0.0172 0.0149 0.0180  0.1507110
 49233512.0000000   -79.2456   -58.2268    53.1704 0.0171 0.0149 0.0179  49233512.3491569   -79.0545   -58.4496    53.0783 0.0171 0.0149 0.0180  0.1491570
 49233522.0000000   -74.6096   -63.7862    53.1271 0.0168 0.0146 0.0175  49233522.3489771   -74.3995   -63.9232    53.2161 0.0168 0.0146 0.0176  0.1489770
 49233532.0000000   -70.1634   -68.5841    53.1164 0.0171 0.0149 0.0179  49233532.3489590   -70.0064   -68.8177    53.1936 0.0172 0.0149 0.0180  0.1489590
 49233542.0000000   -65.8515   -73.5245    52.9978 0.0172 0.0149 0.0179  49233542.3495040   -65.6627   -73.7062    53.0080 0.0171 0.0149 0.0179  0.1495040
 49233552.0000000   -61.4387   -78.5273    53.3554 0.0168 0.0146 0.0175  49233552.3509018   -61.2749   -78.6435    53.3728 0.0168 0.0146 0.0176  0.1509020
 49233562.0000000   -56.9393   -83.5972    53.4760 0.0172 0.0149 0.0180  49233562.3527021   -56.8351   -83.7074    53.5561 0.0172 0.0149 0.0180  0.1527020
 49233572.0000000   -52.3031   -88.3712    52.9588 0.0171 0.0149 0.0179  49233572.3542559   -52.2208   -88.5662    53.0771 0.0171 0.0149 0.0179  0.1542560
 49233582.0000000   -46.9977   -92.8305    53.0067 0.0168 0.0146 0.0175  49233582.3558292   -46.7456   -93.0407    52.9575 0.0168 0.0146 0.0176  0.1558290
 49233592.0000000   -40.0697   -96.1822    53.1493 0.0171 0.0149 0.0179  49233592.3560569   -39.8182   -96.2715    53.1932 0.0171 0.0149 0.0179  0.1560570
 49233602.0000000   -32.8605   -98.3117    53.2769 0.0171 0.0148 0.0179  49233602.3554649   -32.5833   -98.3952    53.1952 0.0171 0.0148 0.0179  0.1554650
 49233612.0000000   -25.5672   -99.9810    53.1357 0.0168 0.0146 0.0175  49233612.3548698   -25.3166  -100.0522    53.1160 0.0168 0.0146 0.0175  0.1548700
 49233622.0000000   -17.4320   -99.9627    53.0048 0.0171 0.0149 0.0179  49233622.3527050   -17.1692   -99.9797    52.9469 0.0171 0.0148 0.0179  0.1527050
 49233632.0000000    -9.3677   -99.1834    53.1311 0.0171 0.0148 0.0179  49233632.3506160    -9.0262   -99.1910    53.0457 0.0171 0.0149 0.0179  0.1506160
 49233642.0000000    -1.6091   -98.2525    53.1059 0.0168 0.0146 0.0175  49233642.3490620    -1.3503   -98.2232    53.1367 0.0168 0.0146 0.0175  0.1490620
 49233652.0000000     5.9798   -97.2224    53.1437 0.0171 0.0148 0.0179  49233652.3480599     6.2509   -97.2091    53.0624 0.0171 0.0149 0.0179  0.1480600
 49233662.0000000    13.3827   -96.1531    53.1942 0.0171 0.0149 0.0179  49233662.3477032    13.6825   -96.0590    53.2376 0.0171 0.0148 0.0179  0.1477030
 49233672.0000000    20.9366   -94.8539    53.2141 0.0159 0.0139 0.0166  49233672.3477418    21.2407   -94.7737    53.1263 0.0159 0.0140 0.0166  0.1477420
 49233682.0000000    28.6580   -92.3752    53.2202 0.0162 0.0142 0.0170  49233682.3472388    28.8793   -92.2505    53.1786 0.0162 0.0142 0.0170  0.1472390
 49233692.0000000    35.7993   -88.4451    53.0646 0.0162 0.0142 0.0169  49233692.3456380    36.0797   -88.3294    53.0197 0.0162 0.0142 0.0169  0.1456380
 49233702.0000000    42.5657   -84.0882    53.5016 0.0159 0.0140 0.0166  49233702.3444719    42.7498   -83.8074    53.4138 0.0159 0.0139 0.0166  0.1444720
 49233712.0000000    49.2186   -79.9225    53.0455 0.0162 0.0142 0.0169  49233712.3438778    49.4730   -79.7762    53.0578 0.0162 0.0142 0.0169  0.1438780
 49233722.0000000    55.6070   -74.8870    53.0625 0.0162 0.0142 0.0169  49233722.3432171    55.8539   -74.7684    53.0666 0.0162 0.0142 0.0169  0.1432170
 49233732.0000000    62.4453   -70.3535    53.0644 0.0159 0.0139 0.0166  49233732.3441420    62.6866   -70.2163    53.0356 0.0159 0.0139 0.0166  0.1441420
 49233742.0000000    68.9137   -65.8152    53.2677 0.0162 0.0142 0.0169  49233742.3456669    69.1700   -65.6406    53.2395 0.0162 0.0142 0.0169  0.1456670
 49233752.0000000    76.1853   -62.1673    53.1379 0.0162 0.0142 0.0169  49233752.3491788    76.4460   -62.0168    53.1261 0.0162 0.0142 0.0169  0.1491790
 49233762.0000000    83.2522   -58.3348    53.3258 0.0159 0.0139 0.0166  49233762.3531940    83.4437   -58.1284    53.4396 0.0159 0.0139 0.0166  0.1531940
 49233772.0000000    89.9568   -53.8351    52.9546 0.0162 0.0141 0.0169  49233772.3567958    90.2174   -53.7169    52.9273 0.0162 0.0142 0.0169  0.1567960
 49233782.0000000    96.7460   -48.9716    53.1053 0.0162 0.0142 0.0169  49233782.3611858    96.9998   -48.7851    53.1350 0.0162 0.0142 0.0169  0.1611860
 49233792.0000000   102.5649   -42.7353    52.9866 0.0159 0.0139 0.0166  49233792.3642900   102.8000   -42.5590    52.9857 0.0159 0.0139 0.0166  0.1642900
 49233802.0000000   106.9718   -35.5708    53.2971 0.0162 0.0141 0.0169  49233802.3663480   107.0833   -35.2622    53.3091 0.0162 0.0141 0.0169  0.1663480
 49233812.0000000   109.5995   -26.9044    53.2907 0.0162 0.0141 0.0169  49233812.3665080   109.6519   -26.5559    53.3455 0.0162 0.0141 0.0169  0.1665080
 49233822.0000000   111.3440   -18.4342    53.2120 0.0159 0.0139 0.0166  49233822.3664298   111.3684   -18.1531    53.1246 0.0159 0.0139 0.0166  0.1664300
 49233832.0000000   112.8066   -10.5000    53.2444 0.0162 0.0142 0.0169  49233832.3669400   112.7933   -10.1481    53.1676 0.0162 0.0141 0.0169  0.1669400
 49233842.0000000   114.0625    -2.8857    53.1199 0.0162 0.0142 0.0169  49233842.3679309   114.0768    -2.5980    53.0922 0.0162 0.0141 0.0169  0.1679310
 49233852.0000000   114.1510     5.1953    53.2131 0.0159 0.0139 0.0165  49233852.3681588   114.1129     5.5431    53.1140 0.0159 0.0139 0.0166  0.1681590
 49233862.0000000   112.6903    13.3839    53.1229 0.0162 0.0141 0.0169  49233862.3671839   112.6078    13.6756    53.1699 0.0162 0.0142 0.0169  0.1671840
 49233872.0000000   109.4561    21.3839    53.0678 0.0162 0.0141 0.0169  49233872.3647621   109.3127    21.6360    53.0836 0.0162 0.0141 0.0169  0.1647620
 49233882.0000000   104.9803    28.3793    53.2460 0.0159 0.0139 0.0165  49233882.3614922   104.8274    28.6533    53.1956 0.0159 0.0139 0.0166  0.1614920
 49233892.0000000    99.7647    34.7523    53.2395 0.0162 0.0141 0.0169  49233892.3578012    99.5647    34.9932    53.3196 0.0162 0.0141 0.0169  0.1578010
 49233902.0000000    94.8030    41.4081    53.5570 0.0162 0.0141 0.0169  49233902.3553970    94.6984    41.7791    53.4598 0.0162 0.0141 0.0169  0.1553970
 49233912.0000000    89.5709    47.5138    53.3485 0.0159 0.0139 0.0166  49233912.3528020    89.4428    47.7059    53.1817 0.0159 0.0139 0.0166  0.1528020
 49233922.0000000    84.8870    53.4899    53.2012 0.0162 0.0141 0.0169  49233922.3514538    84.6966    53.7022    53.1537 0.0162 0.0141 0.0169  0.1514540
 49233932.0000000    80.1323    59.4024    53.0942 0.0170 0.0148 0.0178  49233932.3507819    80.0120    59.5790    53.1245 0.0170 0.0148 0.0178  0.1507820
 49233942.0000000    75.4671    65.4111    52.9525 0.0167 0.0145 0.0174  49233942.3508730    75.3036    65.6323    53.0905 0.0167 0.0145 0.0175  0.1508730
 49233952.0000000    70.5468    71.2673    53.2141 0.0170 0.0148 0.0178  49233952.3514650    70.3641    71.5070    53.1594 0.0170 0.0148 0.0178  0.1514650
 49233962.0000000    65.3117    76.5230    53.2936 0.0170 0.0148 0.0178  49233962.3520038    65.1686    76.7681    53.4037 0.0170 0.0148 0.0178  0.1520040
 49233972.0000000    59.9447    82.0992    53.1243 0.0167 0.0145 0.0174  49233972.3530629    59.7540    82.2477    53.1500 0.0167 0.0145 0.0174  0.1530630
 49233982.0000000    54.1790    87.1591    53.3662 0.0170 0.0148 0.0178  49233982.3544040    53.9558    87.3856    53.3855 0.0170 0.0148 0.0178  0.1544040
 49233992.0000000    47.1797    91.2780    53.1662 0.0170 0.0148 0.0178  49233992.3543708    46.9251    91.3779    53.1405 0.0170 0.0148 0.0178  0.1543710
 49234002.0000000    39.5238    92.9035    53.0409 0.0166 0.0145 0.0174  49234002.3521509    39.2721    92.9129    53.0852 0.0167 0.0145 0.0174  0.1521510
 49234012.0000000    31.7752    92.2555    52.9753 0.0170 0.0147 0.0178  49234012.3480201    31.5305    92.1393    52.9995 0.0170 0.0147 0.0178  0.1480200
 49234022.0000000    24.5629    91.6484    52.9250 0.0170 0.0147 0.0178  49234022.3449261    24.3035    91.6107    52.9035 0.0170 0.0147 0.0178  0.1449260
 49234032.0000000    16.7827    93.4971    53.1862 0.0166 0.0145 0.0174  49234032.3453038    16.5769    93.5896    53.2542 0.0167 0.0145 0.0174  0.1453040
 49234042.0000000     9.3181    96.7697    53.1789 0.0170 0.0147 0.0178  49234042.3478861     9.0670    96.8748    53.1556 0.0170 0.0147 0.0178  0.1478860
 49234052.0000000     2.4375    99.8873    53.2155 0.0169 0.0147 0.0177  49234052.3511119     2.2488    99.9988    53.2620 0.0169 0.0147 0.0177  0.1511120
 49234062.0000000    -4.1001   102.4764    53.2714 0.0166 0.0144 0.0174  49234062.3542562    -4.3420   102.5931    53.2868 0.0166 0.0144 0.0174  0.1542560
 49234072.0000000   -10.9387   104.2052    53.1374 0.0170 0.0147 0.0177  49234072.3567998   -11.2032   104.2527    53.2090 0.0169 0.0147 0.0177  0.1568000
 49234082.0000000   -18.2885   104.3433    53.2010 0.0170 0.0148 0.0177  49234082.3582339   -18.5195   104.3725    53.4119 0.0169 0.0147 0.0177  0.1582340
 49234092.0000000   -25.3323   103.1181    53.2820 0.0166 0.0144 0.0173  49234092.3585148   -25.5630   103.0524    53.3398 0.0166 0.0144 0.0174  0.1585150
 49234102.0000000   -31.3458    99.3100    53.1548 0.0169 0.0147 0.0177  49234102.3559520   -31.5493    99.1628    53.1486 0.0169 0.0147 0.0177  0.1559520
 49234112.0000000   -36.1469    94.4611    52.9360 0.0169 0.0147 0.0177  49234112.3522568   -36.3395    94.2480    52.8965 0.0169 0.0147 0.0177  0.1522570
 49234122.0000000   -41.2949    90.2225    53.6420 0.0166 0.0144 0.0173  49234122.3505540   -41.5141    90.2748    53.6548 0.0166 0.0144 0.0173  0.1505540
 49234132.0000000   -47.7744    87.4172    53.1860 0.0169 0.0146 0.0177  49234132.3506989   -47.9970    87.3858    53.2046 0.0169 0.0147 0.0177  0.1506990
 49234142.0000000   -54.4203    85.5854    53.0498 0.0169 0.0147 0.0177  49234142.3526840   -54.6140    85.4805    53.0138 0.0169 0.0147 0.0177  0.1526840
 49234152.0000000   -60.0246    82.9757    53.1360 0.0166 0.0144 0.0173  49234152.3539448   -60.2379    82.8809    53.1374 0.0166 0.0144 0.0173  0.1539450
 49234162.0000000   -64.9096    78.8658    53.2504 0.0169 0.0147 0.0177  49234162.3536470   -65.0937    78.6933    53.3253 0.0169 0.0146 0.0177  0.1536470
 49234172.0000000   -68.6663    73.6640    53.1096 0.0169 0.0146 0.0177  49234172.3518879   -68.7447    73.5236    53.2052 0.0169 0.0146 0.0176  0.1518880
 49234182.0000000   -71.0580    67.9039    53.0695 0.0166 0.0144 0.0173  49234182.3489640   -71.1428    67.6701    53.0788 0.0166 0.0144 0.0173  0.1489640
 49234192.0000000   -73.6481    62.4107    53.1339 0.0169 0.0146 0.0176  49234192.3470359   -73.7522    62.2444    53.1489 0.0169 0.0147 0.0177  0.1470360
 49234202.0000000   -76.9785    57.2356    53.1129 0.0169 0.0147 0.0177  49234202.3463058   -77.1161    57.0829    53.1368 0.0169 0.0147 0.0176  0.1463060
 49234212.0000000   -80.9841    52.6916    53.2043 0.0165 0.0143 0.0173  49234212.3471718   -81.1560    52.5459    53.2017 0.0166 0.0143 0.0173  0.1471720
 49234222.0000000   -86.2951    48.6860    53.3725 0.0169 0.0146 0.0176  49234222.3502302   -86.5607    48.6492    53.3661 0.0169 0.0146 0.0176  0.1502300
 49234232.0000000   -93.3566    46.4151    53.1488 0.0169 0.0146 0.0176  49234232.3562338   -93.6671    46.3662    53.1070 0.0169 0.0146 0.0176  0.1562340
 49234242.0000000  -100.8022    45.8424    52.9886 0.0165 0.0143 0.0172  49234242.3639400  -101.0788    45.7898    52.9464 0.0166 0.0143 0.0173  0.1639400
 49234252.0000000  -108.1478    46.5504    52.9867 0.0169 0.0146 0.0176  49234252.3724358  -108.3867    46.5004    52.9717 0.0169 0.0146 0.0176  0.1724360
 49234262.0000000  -115.0605    46.7020    53.3157 0.0169 0.0146 0.0176  49234262.3805130  -115.2978    46.7692    53.3495 0.0169 0.0146 0.0176  0.1805130
 49234272.0000000  -122.2301    46.3242    53.4886 0.0165 0.0143 0.0172  49234272.3886671  -122.5478    46.4218    53.4517 0.0165 0.0143 0.0173  0.1886670
 49234292.0000000  -134.6386    41.7421    53.1151 0.0168 0.0146 0.0176  49234292.4010539  -134.8593    41.5532    53.0860 0.0168 0.0146 0.0176  0.2010540
 49234302.0000000  -138.8641    36.5721    53.1642 0.0165 0.0143 0.0173  49234302.4042780  -139.0466    36.2923    53.0078 0.0166 0.0143 0.0173  0.2042780
 49234312.0000000  -141.7584    30.7899    53.2249 0.0168 0.0146 0.0176  49234312.4061470  -141.8796    30.5939    53.2319 0.0168 0.0146 0.0176  0.2061470
 49234322.0000000  -143.9495    25.1883    53.1396 0.0168 0.0146 0.0176  49234322.4074011  -144.0102    24.8799    52.9780 0.0168 0.0146 0.0176  0.2074010
 49234332.0000000  -144.9381    19.0483    53.0109 0.0165 0.0143 0.0172  49234332.4074662  -144.9675    18.7477    53.0432 0.0166 0.0143 0.0173  0.2074660
 49234342.0000000  -144.3464    12.6672    53.0881 0.0168 0.0145 0.0176  49234342.4058619  -144.3642    12.3473    53.0468 0.0168 0.0146 0.0176  0.2058620
 49234352.0000000  -143.3005     6.6181    53.2749 0.0168 0.0145 0.0176  49234352.4041789  -143.3425     6.4494    53.3477 0.0168 0.0145 0.0176  0.2041790
 49234362.0000000  -143.4925     0.4168    53.1621 0.0176 0.0151 0.0184  49234362.4041729  -143.5364     0.1551    53.2216 0.0166 0.0144 0.0173  0.2041730
 49234372.0000000  -144.9589    -5.7394    53.0438 0.0168 0.0145 0.0176  49234372.4060659  -145.0031    -6.0200    52.9485 0.0168 0.0145 0.0176  0.2060660
 49234382.0000000  -145.8057   -12.2305    52.8317 0.0168 0.0145 0.0176  49234382.4076998  -145.7783   -12.5836    52.8175 0.0168 0.0145 0.0176  0.2077000
 49234392.0000000  -146.0297   -18.2634    53.2021 0.0165 0.0143 0.0172  49234392.4087169  -145.9331   -18.5499    53.1604 0.0165 0.0143 0.0172  0.2087170
 49234402.0000000  -145.1524   -24.9012    52.9733 0.0180 0.0153 0.0188  49234402.4088521  -145.0843   -25.0408    53.1627 0.0181 0.0154 0.0188  0.2088520
 49234412.0000000  -142.8385   -30.5806    53.3215 0.0168 0.0146 0.0176  49234412.4074090  -142.7173   -30.7720    53.3300 0.0168 0.0145 0.0175  0.2074090
 49234422.0000000  -139.8606   -36.2443    53.0549 0.0165 0.0143 0.0172  49234422.4053290  -139.7152   -36.5225    52.9613 0.0165 0.0143 0.0172  0.2053290
 49234432.0000000  -136.8037   -41.9580    53.0137 0.0168 0.0145 0.0176  49234432.4036589  -136.7230   -42.0867    53.1026 0.0168 0.0146 0.0175  0.2036590
 49234442.0000000  -133.3937   -47.4119    53.2283 0.0168 0.0146 0.0176  49234442.4016969  -133.1960   -47.5896    53.0603 0.0168 0.0145 0.0175  0.2016970
 49234452.0000000  -129.6104   -53.4010    53.2307 0.0166 0.0143 0.0172  49234452.4000390  -129.4610   -53.5562    53.1134 0.0165 0.0143 0.0172  0.2000390
 49234462.0000000  -126.1794   -58.8428    52.9642 0.0168 0.0145 0.0175  49234462.3987148  -126.0030   -59.1331    52.9099 0.0168 0.0145 0.0175  0.1987150
 49234472.0000000  -122.6892   -64.1550    52.8994 0.0168 0.0145 0.0175  49234472.3977609  -122.5775   -64.4934    52.7947 0.0168 0.0145 0.0175  0.1977610
 49234482.0000000  -119.8266   -69.5851    53.0186 0.0176 0.0150 0.0183  49234482.3979738  -119.7241   -69.7828    53.0337 0.0165 0.0143 0.0172  0.1979740
 49234492.0000000  -116.4132   -75.2184    52.9657 0.0168 0.0145 0.0175  49234492.3980131  -116.3115   -75.5242    52.9164 0.0168 0.0145 0.0175  0.1980130
 49234502.0000000  -111.9174   -80.5139    52.9163 0.0168 0.0145 0.0175  49234502.3970461  -111.7247   -80.7770    52.8637 0.0168 0.0145 0.0175  0.1970460
 49234512.0000000  -107.7610   -85.8217    53.2482 0.0165 0.0143 0.0172  49234512.3970931  -107.6221   -85.9663    53.4104 0.0165 0.0143 0.0172  0.1970930
 49234522.0000000  -103.7513   -91.1702    52.9040 0.0168 0.0145 0.0175  49234522.3974051  -103.6816   -91.3911    53.0281 0.0168 0.0145 0.0175  0.1974050
 49234532.0000000  -100.1483   -96.2671    53.1334 0.0168 0.0145 0.0175  49234532.3984928  -100.0240   -96.5154    53.2198 0.0168 0.0145 0.0175  0.1984930
 49234542.0000000   -96.4355  -101.9158    52.8116 0.0165 0.0142 0.0172  49234542.4000680   -96.2707  -102.2001    52.8423 0.0165 0.0143 0.0172  0.2000680
 49234552.0000000   -92.5287  -107.5501    53.2174 0.0168 0.0145 0.0175  49234552.4021471   -92.3543  -107.6987    53.2642 0.0168 0.0145 0.0175  0.2021470
 49234562.0000000   -88.1299  -112.7683    53.2506 0.0168 0.0145 0.0175  49234562.4037418   -87.9871  -112.9539    53.1914 0.0168 0.0145 0.0175  0.2037420
 49234572.0000000   -83.9688  -118.0254    53.0331 0.0166 0.0143 0.0172  49234572.4058428   -83.7910  -118.2372    53.0563 0.0165 0.0142 0.0172  0.2058430
 49234582.0000000   -79.8007  -123.1153    52.8820 0.0168 0.0145 0.0175  49234582.4081898   -79.6382  -123.4238    52.7692 0.0168 0.0145 0.0175  0.2081900
 49234592.0000000   -75.6042  -127.8239    53.0983 0.0168 0.0145 0.0175  49234592.4104352   -75.3965  -128.0111    53.0168 0.0168 0.0144 0.0175  0.2104350
 49234602.0000000   -70.8586  -132.9451    53.1970 0.0186 0.0158 0.0192  49234602.4134200   -70.6892  -133.1871    53.1611 0.0166 0.0143 0.0173  0.2134200
 49234612.0000000   -65.2977  -137.4072    52.9884 0.0168 0.0145 0.0175  49234612.4149790   -65.0563  -137.6329    52.9125 0.0168 0.0144 0.0175  0.2149790
 49234622.0000000   -58.9280  -141.2986    52.9542 0.0168 0.0144 0.0175  49234622.4161849   -58.6686  -141.5278    52.8845 0.0168 0.0144 0.0175  0.2161850
 49234632.0000000   -51.9555  -144.7366    52.9770 0.0165 0.0142 0.0172  49234632.4170291   -51.6432  -144.8878    52.9516 0.0165 0.0142 0.0172  0.2170290
 49234642.0000000   -44.5038  -147.2412    53.0858 0.0168 0.0144 0.0175  49234642.4171100   -44.2559  -147.3329    53.1320 0.0168 0.0144 0.0175  0.2171100
 49234652.0000000   -36.8330  -149.0456    53.2118 0.0168 0.0145 0.0175  49234652.4167731   -36.4787  -149.0493    53.3164 0.0168 0.0145 0.0175  0.2167730
 49234662.0000000   -28.7956  -149.4731    52.6972 0.0165 0.0142 0.0172  49234662.4149771   -28.4330  -149.5896    52.6828 0.0165 0.0142 0.0172  0.2149770
 49234672.0000000   -20.7386  -149.9587    53.0479 0.0178 0.0152 0.0184  49234672.4140229   -20.4029  -149.9763    53.1135 0.0179 0.0153 0.0185  0.2140230
 49234682.0000000   -12.7538  -149.5237    53.1841 0.0178 0.0152 0.0184  49234682.4123809   -12.4306  -149.4472    53.2936 0.0178 0.0152 0.0184  0.2123810
 49234692.0000000    -5.2937  -148.6182    52.9014 0.0176 0.0150 0.0182  49234692.4106221    -4.9711  -148.6406    52.9110 0.0166 0.0143 0.0173  0.2106220
 49234702.0000000     2.4113  -147.0307    52.9482 0.0178 0.0152 0.0184  49234702.4085181     2.7782  -147.0946    52.7423 0.0179 0.0153 0.0184  0.2085180
 49234712.0000000     9.7527  -145.0527    53.3021 0.0168 0.0144 0.0175  49234712.4065342    10.0592  -144.8793    53.3883 0.0168 0.0144 0.0175  0.2065340
 49234722.0000000    17.5113  -141.9898    52.9503 0.0176 0.0150 0.0182  49234722.4035809    17.7381  -141.9152    53.0237 0.0167 0.0144 0.0174  0.2035810
 49234732.0000000    24.5353  -138.7762    53.1115 0.0168 0.0144 0.0175  49234732.4008958    24.8233  -138.5856    53.0818 0.0168 0.0144 0.0175  0.2008960
 49234742.0000000    31.8513  -135.4384    53.0265 0.0168 0.0144 0.0175  49234742.3986828    32.1461  -135.2858    53.1609 0.0168 0.0144 0.0175  0.1986830
 49234752.0000000    39.4981  -132.6499    53.0088 0.0165 0.0142 0.0172  49234752.3977840    39.8217  -132.5670    53.0604 0.0165 0.0142 0.0172  0.1977840
 49234762.0000000    47.5640  -130.7342    52.7719 0.0168 0.0144 0.0175  49234762.3986621    47.8901  -130.7715    52.8809 0.0168 0.0144 0.0175  0.1986620
 49234772.0000000    55.1597  -128.7722    52.9084 0.0178 0.0152 0.0184  49234772.3999178    55.4897  -128.8051    52.8949 0.0178 0.0152 0.0184  0.1999180
 49234782.0000000    63.1024  -128.2302    53.1248 0.0165 0.0142 0.0172  49234782.4034500    63.4073  -128.1126    53.0390 0.0165 0.0142 0.0172  0.2034500
 49234792.0000000    71.2158  -127.2870    53.0291 0.0179 0.0152 0.0186  49234792.4071701    71.5579  -127.2525    52.9624 0.0179 0.0152 0.0186  0.2071700
 49234802.0000000    79.2856  -126.2852    52.9264 0.0168 0.0144 0.0175  49234802.4111838    79.6045  -126.2230    52.9555 0.0168 0.0144 0.0175  0.2111840
 49234812.0000000    86.8275  -123.8191    52.9727 0.0176 0.0149 0.0182  49234812.4138861    87.1284  -123.7916    52.9832 0.0166 0.0142 0.0172  0.2138860
 49234822.0000000    94.1249  -121.0271    53.1489 0.0179 0.0152 0.0186  49234822.4165099    94.4245  -120.8317    53.2481 0.0179 0.0152 0.0186  0.2165100
 49234842.0000000   107.2041  -110.8314    53.1697 0.0193 0.0160 0.0198  49234842.4176059   107.4417  -110.6145    53.1307 0.0167 0.0143 0.0173  0.2176060
 49234852.0000000   112.5200  -104.5754    53.1301 0.0168 0.0144 0.0175  49234852.4168079   112.7256  -104.2611    53.0554 0.0168 0.0144 0.0175  0.2168080
 49234862.0000000   117.2577   -98.0845    53.0644 0.0179 0.0152 0.0184  49234862.4158819   117.3839   -97.8543    53.1011 0.0178 0.0152 0.0184  0.2158820
 49234872.0000000   121.6202   -91.4171    53.2182 0.0176 0.0149 0.0182  49234872.4150250   121.8369   -91.0984    53.1390 0.0167 0.0143 0.0174  0.2150250
 49234882.0000000   126.0353   -84.7466    53.1376 0.0179 0.0152 0.0186  49234882.4146888   126.2553   -84.4468    53.2658 0.0179 0.0152 0.0186  0.2146890
 49234892.0000000   131.2563   -78.0130    52.9901 0.0179 0.0152 0.0186  49234892.4156780   131.4814   -77.8050    53.0229 0.0179 0.0152 0.0186  0.2156780
 49234902.0000000   136.6092   -71.6021    53.0183 0.0186 0.0158 0.0192  49234902.4176459   136.8109   -71.4109    53.0400 0.0186 0.0158 0.0192  0.2176460
 49234912.0000000   141.7724   -65.4460    53.2074 0.0179 0.0152 0.0186  49234912.4201391   141.9601   -65.2006    53.2667 0.0179 0.0152 0.0186  0.2201390
 49234922.0000000   147.1828   -59.0324    53.2124 0.0190 0.0162 0.0197  49234922.4232211   147.3579   -58.7434    53.2634 0.0190 0.0161 0.0196  0.2232210
 49234932.0000000   152.1350   -52.1343    52.9769 0.0176 0.0149 0.0182  49234932.4259608   152.3393   -51.8571    52.9748 0.0166 0.0142 0.0173  0.2259610
 49234942.0000000   156.0227   -44.4929    53.2373 0.0179 0.0151 0.0186  49234942.4278018   156.1883   -44.1511    53.1949 0.0179 0.0152 0.0186  0.2278020
 49234952.0000000   158.4632   -36.2980    53.2640 0.0179 0.0151 0.0186  49234952.4282298   158.5851   -35.8802    53.3410 0.0179 0.0152 0.0186  0.2282300
 49234962.0000000   159.9521   -27.4926    53.2435 0.0186 0.0158 0.0192  49234962.4278071   159.9715   -27.0928    53.1518 0.0176 0.0149 0.0183  0.2278070
 49234972.0000000   159.9184   -18.6966    52.9877 0.0179 0.0152 0.0186  49234972.4259191   159.6859   -18.3930    52.8695 0.0179 0.0152 0.0186  0.2259190
 49234982.0000000   157.1902   -10.6084    53.2411 0.0179 0.0152 0.0186  49234982.4217062   157.0434   -10.2473    53.1670 0.0179 0.0151 0.0186  0.2217060
 49234992.0000000   154.0508    -2.6649    52.9138 0.0176 0.0149 0.0183  49234992.4172251   153.8065    -2.3935    52.9108 0.0176 0.0149 0.0183  0.2172250
 49235002.0000000   151.1817     4.9354    53.1302 0.0179 0.0152 0.0186  49235002.4138372   151.0558     5.3063    53.1383 0.0179 0.0151 0.0186  0.2138370
 49235012.0000000   148.6291    13.0183    52.8768 0.0179 0.0151 0.0186  49235012.4111619   148.5210    13.2524    52.9944 0.0178 0.0151 0.0185  0.2111620
 49235022.0000000   145.6431    20.1670    52.9800 0.0176 0.0149 0.0182  49235022.4084859   145.5276    20.4381    53.0028 0.0166 0.0142 0.0173  0.2084860
 49235032.0000000   142.3454    27.7747    53.0192 0.0179 0.0152 0.0185  49235032.4058700   142.1129    28.0896    52.8743 0.0179 0.0152 0.0186  0.2058700
 49235042.0000000   138.7577    35.2445    53.1032 0.0168 0.0144 0.0175  49235042.4036708   138.6104    35.5508    53.0856 0.0168 0.0144 0.0175  0.2036710
 49235052.0000000   134.5236    42.4267    52.9860 0.0166 0.0142 0.0172  49235052.4010458   134.4140    42.6763    53.0839 0.0166 0.0142 0.0172  0.2010460
 49235062.0000000   131.2065    49.8559    53.1261 0.0179 0.0151 0.0185  49235062.4002988   131.1503    50.1816    53.2962 0.0178 0.0152 0.0185  0.2002990
 49235072.0000000   128.0657    57.3096    53.3679 0.0178 0.0151 0.0185  49235072.4002972   128.0223    57.7116    53.2447 0.0179 0.0151 0.0185  0.2002970
 49235082.0000000   124.5807    64.6676    53.1124 0.0168 0.0143 0.0174  49235082.4002612   124.4539    65.0390    53.2159 0.0166 0.0142 0.0172  0.2002610
 49235092.0000000   121.3796    71.7681    53.2294 0.0179 0.0151 0.0186  49235092.4010420   121.2263    71.9729    53.2227 0.0179 0.0151 0.0186  0.2010420
 49235102.0000000   117.6733    79.2964    52.9605 0.0168 0.0144 0.0174  49235102.4021101   117.5719    79.5790    53.0511 0.0168 0.0144 0.0174  0.2021100
 49235112.0000000   114.7260    86.3708    53.1761 0.0166 0.0142 0.0172  49235112.4043851   114.7202    86.6091    53.2546 0.0166 0.0142 0.0172  0.2043850
 49235122.0000000   111.1762    93.6750    52.9809 0.0168 0.0144 0.0175  49235122.4065609   111.1387    93.9703    53.0891 0.0168 0.0144 0.0175  0.2065610
 49235132.0000000   107.9198   101.0106    53.0994 0.0168 0.0144 0.0175  49235132.4096649   107.8345   101.3662    53.3198 0.0168 0.0144 0.0175  0.2096650
 49235142.0000000   104.4668   108.4120    53.2014 0.0166 0.0142 0.0172  49235142.4130058   104.3055   108.6947    53.1208 0.0166 0.0142 0.0172  0.2130060
 49235152.0000000   100.9465   115.4048    53.0263 0.0168 0.0143 0.0174  49235152.4164710   100.7833   115.6755    53.1038 0.0168 0.0144 0.0175  0.2164710
 49235162.0000000    96.5635   122.1045    53.0819 0.0168 0.0144 0.0175  49235162.4194441    96.3349   122.4088    53.1136 0.0168 0.0143 0.0174  0.2194440
 49235172.0000000    91.1759   128.7316    52.9647 0.0166 0.0142 0.0172  49235172.4219320    90.8527   128.9148    52.8833 0.0166 0.0142 0.0172  0.2219320
 49235182.0000000    85.2494   134.4948    53.0079 0.0168 0.0144 0.0175  49235182.4238870    84.9452   134.6903    52.9859 0.0168 0.0143 0.0175  0.2238870
 49235192.0000000    78.8828   139.1678    53.1600 0.0168 0.0144 0.0175  49235192.4249022    78.6816   139.3561    53.1933 0.0168 0.0143 0.0175  0.2249020
 49235202.0000000    72.0300   143.1582    52.9995 0.0166 0.0142 0.0172  49235202.4252038    71.7024   143.2798    52.8985 0.0167 0.0142 0.0173  0.2252040
 49235212.0000000    64.9554   145.4208    53.2740 0.0168 0.0143 0.0175  49235212.4240241    64.6461   145.5993    53.1735 0.0169 0.0144 0.0175  0.2240240
 49235222.0000000    57.4867   147.2241    52.9214 0.0168 0.0143 0.0175  49235222.4222848    57.1255   147.1705    52.8405 0.0169 0.0144 0.0175  0.2222850
 49235232.0000000    50.3672   148.3719    52.8692 0.0166 0.0142 0.0172  49235232.4205279    50.0480   148.2969    52.9609 0.0166 0.0142 0.0172  0.2205280
 49235242.0000000    43.0350   148.1663    53.1127 0.0169 0.0144 0.0175  49235242.4175482    42.7349   148.0745    53.1040 0.0169 0.0143 0.0175  0.2175480
 49235252.0000000    36.2113   146.3271    52.9979 0.0168 0.0144 0.0175  49235252.4130380    35.9716   146.1983    53.1204 0.0169 0.0143 0.0175  0.2130380
 49235262.0000000    29.6265   144.5505    53.0866 0.0167 0.0142 0.0172  49235262.4090970    29.2736   144.4719    53.0407 0.0166 0.0142 0.0172  0.2090970
 49235272.0000000    22.7621   143.9083    53.1307 0.0169 0.0144 0.0175  49235272.4068129    22.4437   143.8671    52.9958 0.0169 0.0144 0.0175  0.2068130
 49235282.0000000    15.7490   143.9301    53.0606 0.0169 0.0143 0.0175  49235282.4056900    15.4264   143.9500    52.8736 0.0169 0.0144 0.0175  0.2056900
 49235292.0000000     8.4116   144.2417    52.9587 0.0167 0.0142 0.0172  49235292.4052880     8.0700   144.2615    53.0011 0.0166 0.0142 0.0172  0.2052880
 49235302.0000000     1.3633   145.7576    53.0241 0.0169 0.0144 0.0175  49235302.4069269     1.0789   145.7927    53.1095 0.0169 0.0144 0.0175  0.2069270
 49235312.0000000    -5.8987   146.6080    53.3328 0.0169 0.0144 0.0175  49235312.4082708    -6.1564   146.7134    53.2774 0.0169 0.0144 0.0175  0.2082710
 49235322.0000000   -13.2336   146.6022    53.1846 0.0167 0.0142 0.0173  49235322.4087729   -13.5907   146.5796    53.0847 0.0167 0.0142 0.0173  0.2087730
 49235332.0000000   -20.2670   146.0922    53.1487 0.0169 0.0144 0.0175  49235332.4091258   -20.5305   146.1350    53.0566 0.0169 0.0144 0.0175  0.2091260
 49235342.0000000   -27.2035   145.9051    53.0687 0.0169 0.0144 0.0175  49235342.4102778   -27.5488   145.9128    52.9523 0.0169 0.0144 0.0175  0.2102780
 49235352.0000000   -34.3303   146.1422    52.8557 0.0167 0.0142 0.0173  49235352.4122648   -34.5590   146.0652    52.7995 0.0167 0.0142 0.0173  0.2122650
 49235362.0000000   -41.3510   146.3038    52.9296 0.0169 0.0144 0.0175  49235362.4149020   -41.6622   146.2064    52.8297 0.0169 0.0144 0.0175  0.2149020
 49235372.0000000   -48.2483   145.9148    53.1398 0.0169 0.0144 0.0175  49235372.4169610   -48.5380   145.9313    53.0820 0.0169 0.0143 0.0175  0.2169610
 49235382.0000000   -54.8132   144.7858    53.1591 0.0167 0.0142 0.0173  49235382.4184139   -55.0526   144.7887    53.2500 0.0167 0.0142 0.0173  0.2184140
 49235392.0000000   -60.9946   142.6492    53.0998 0.0169 0.0143 0.0175  49235392.4187050   -61.2492   142.5082    53.1517 0.0169 0.0144 0.0175  0.2187050
 49235402.0000000   -66.5904   139.3734    53.0228 0.0169 0.0144 0.0175  49235402.4178009   -66.7862   139.1503    53.0420 0.0169 0.0144 0.0175  0.2178010
 49235412.0000000   -70.6236   133.9555    53.2182 0.0167 0.0142 0.0173  49235412.4139299   -70.7640   133.6168    53.0623 0.0167 0.0142 0.0173  0.2139300
 49235422.0000000   -73.5635   127.8121    53.2383 0.0169 0.0144 0.0175  49235422.4091108   -73.7173   127.7992    53.4075 0.0169 0.0144 0.0175  0.2091110
 49235432.0000000   -76.9525   122.7367    52.9457 0.0169 0.0144 0.0175  49235432.4057958   -76.9994   122.7199    53.0650 0.0169 0.0143 0.0175  0.2057960
 49235442.0000000   -80.9785   118.5112    53.3242 0.0167 0.0142 0.0173  49235442.4041789   -81.2309   118.3053    53.0747 0.0167 0.0142 0.0173  0.2041790
 49235452.0000000   -86.3510   114.1915    52.9206 0.0169 0.0143 0.0175  49235452.4036560   -86.5645   114.0491    53.0119 0.0169 0.0143 0.0175  0.2036560
 49235462.0000000   -93.4866   112.5313    53.0026 0.0169 0.0143 0.0175  49235462.4076669   -93.7984   112.4723    52.9090 0.0169 0.0144 0.0175  0.2076670
 49235472.0000000  -100.5588   111.6606    53.0478 0.0167 0.0142 0.0173  49235472.4127018  -100.8366   111.6195    53.0628 0.0167 0.0142 0.0173  0.2127020
 49235482.0000000  -107.0870   110.1474    52.9072 0.0169 0.0144 0.0175  49235482.4167342  -107.3200   109.9171    52.8799 0.0169 0.0143 0.0175  0.2167340
 49235492.0000000  -112.7650   107.0198    53.2995 0.0169 0.0143 0.0175  49235492.4192669  -112.9776   106.8809    53.2584 0.0169 0.0143 0.0175  0.2192670
 49235502.0000000  -116.8610   101.8370    53.1550 0.0167 0.0142 0.0173  49235502.4185729  -117.0229   101.5757    53.0845 0.0168 0.0142 0.0173  0.2185730
 49235512.0000000  -119.3640    95.5382    53.0460 0.0169 0.0144 0.0175  49235512.4158480  -119.4566    95.2716    53.0629 0.0169 0.0144 0.0175  0.2158480
 49235522.0000000  -120.5334    89.2740    52.9122 0.0169 0.0143 0.0175  49235522.4121530  -120.5093    89.0651    52.9819 0.0169 0.0143 0.0175  0.2121530
 49235532.0000000  -121.9035    83.6381    53.0607 0.0167 0.0142 0.0173  49235532.4094899  -121.9578    83.4346    52.9863 0.0168 0.0142 0.0173  0.2094900
 49235542.0000000  -122.7178    77.7767    53.1611 0.0169 0.0144 0.0175  49235542.4063320  -122.6832    77.5721    53.2449 0.0169 0.0143 0.0175  0.2063320
 49235552.0000000  -123.3354    71.7069    53.0433 0.0169 0.0144 0.0175  49235552.4030259  -123.3838    71.5033    53.0660 0.0169 0.0144 0.0175  0.2030260
 49235562.0000000  -124.2194    65.8452    53.0278 0.0168 0.0142 0.0173  49235562.4003718  -124.2013    65.5928    52.9831 0.0168 0.0142 0.0173  0.2003720
 49235572.0000000  -126.3955    59.9666    52.9174 0.0169 0.0144 0.0175  49235572.3995368  -126.4588    59.7468    52.9535 0.0169 0.0144 0.0175  0.1995370
 49235582.0000000  -129.1927    54.3757    53.0463 0.0169 0.0143 0.0175  49235582.3999541  -129.3618    54.1309    53.0286 0.0169 0.0144 0.0175  0.1999540
 49235592.0000000  -132.9104    49.0012    53.0063 0.0168 0.0143 0.0174  49235592.4018369  -133.0694    48.8566    53.2047 0.0168 0.0142 0.0173  0.2018370
 49235602.0000000  -137.8762    44.1993    53.0009 0.0170 0.0144 0.0175  49235602.4058199  -138.0951    44.0125    53.0649 0.0170 0.0144 0.0175  0.2058200
 49235612.0000000  -143.5315    40.9045    53.0871 0.0170 0.0144 0.0176  49235612.4114320  -143.7429    40.7274    53.1559 0.0170 0.0144 0.0175  0.2114320
 49235622.0000000  -148.2587    36.8897    53.0879 0.0168 0.0142 0.0173  49235622.4158781  -148.4356    36.7418    53.1504 0.0168 0.0142 0.0173  0.2158780
 49235632.0000000  -151.7483    31.7646    53.0970 0.0170 0.0144 0.0176  49235632.4186730  -151.7860    31.7119    53.2766 0.0170 0.0144 0.0176  0.2186730
 49235642.0000000  -153.8288    26.1208    53.1218 0.0170 0.0144 0.0175  49235642.4198890  -153.8997    25.8214    53.0619 0.0170 0.0144 0.0175  0.2198890
 49235652.0000000  -154.1050    19.6292    53.1570 0.0168 0.0142 0.0173  49235652.4190240  -154.1119    19.2998    53.0339 0.0168 0.0142 0.0173  0.2190240
 49235662.0000000  -153.9342    13.4323    53.0925 0.0170 0.0144 0.0175  49235662.4180069  -153.9499    13.2102    53.1231 0.0170 0.0144 0.0176  0.2180070
 49235672.0000000  -153.4441     7.3368    52.8691 0.0170 0.0144 0.0175  49235672.4167659  -153.3701     6.9886    52.8892 0.0170 0.0144 0.0175  0.2167660
 49235682.0000000  -152.5179     1.0257    53.0108 0.0168 0.0142 0.0174  49235682.4154289  -152.4517     0.7749    53.0196 0.0168 0.0142 0.0174  0.2154290
 49235692.0000000  -152.0698    -5.0571    53.2537 0.0170 0.0144 0.0176  49235692.4150550  -152.0082    -5.2774    53.3955 0.0170 0.0144 0.0176  0.2150550
 49235702.0000000  -150.9445   -11.3434    53.1502 0.0170 0.0144 0.0176  49235702.4139869  -150.8141   -11.6190    53.1385 0.0170 0.0144 0.0175  0.2139870
 49235712.0000000  -149.0005   -17.7711    53.0626 0.0168 0.0142 0.0174  49235712.4123468  -148.9778   -18.0143    53.0348 0.0169 0.0142 0.0174  0.2123470
 49235722.0000000  -147.3250   -23.4719    53.0293 0.0170 0.0144 0.0176  49235722.4112489  -147.2887   -23.7461    52.9881 0.0170 0.0144 0.0176  0.2112490
 49235732.0000000  -144.8534   -29.4820    53.1675 0.0170 0.0144 0.0176  49235732.4094968  -144.6605   -29.7273    53.0362 0.0170 0.0144 0.0176  0.2094970
 49235742.0000000  -142.1115   -35.4514    53.2186 0.0169 0.0142 0.0174  49235742.4078879  -141.9612   -35.7120    53.2116 0.0169 0.0142 0.0174  0.2078880
 49235752.0000000  -138.9769   -40.9939    53.2558 0.0170 0.0144 0.0176  49235752.4059081  -138.8263   -41.2492    53.1209 0.0170 0.0144 0.0176  0.2059080
 49235762.0000000  -136.3193   -47.0962    53.2100 0.0170 0.0144 0.0176  49235762.4050620  -136.1622   -47.2532    53.1561 0.0171 0.0144 0.0176  0.2050620
 49235772.0000000  -133.3407   -52.8107    53.0427 0.0169 0.0142 0.0174  49235772.4039879  -133.1791   -53.0706    52.9715 0.0169 0.0142 0.0174  0.2039880
 49235782.0000000  -129.9018   -58.1388    52.7782 0.0170 0.0144 0.0176  49235782.4025509  -129.7482   -58.3959    52.8717 0.0170 0.0144 0.0176  0.2025510
 49235792.0000000  -126.4819   -63.5509    53.4205 0.0171 0.0144 0.0176  49235792.4017608  -126.2903   -63.6753    53.3784 0.0170 0.0144 0.0176  0.2017610
 49235802.0000000  -122.4086   -69.2398    53.1386 0.0169 0.0143 0.0174  49235802.4005802  -122.2501   -69.4810    53.1178 0.0169 0.0142 0.0174  0.2005800
 49235812.0000000  -117.5183   -74.6376    53.2733 0.0170 0.0144 0.0176  49235812.3987939  -117.3171   -74.8189    53.1295 0.0170 0.0144 0.0176  0.1987940
 49235822.0000000  -112.1190   -79.2007    53.1260 0.0170 0.0144 0.0176  49235822.3962471  -111.8277   -79.3390    53.0311 0.0170 0.0144 0.0176  0.1962470
 49235832.0000000  -106.6306   -83.8839    52.8868 0.0169 0.0142 0.0174  49235832.3942740  -106.4371   -84.0311    52.9611 0.0169 0.0142 0.0174  0.1942740
 49235842.0000000  -100.8486   -87.8413    52.8705 0.0170 0.0144 0.0176  49235842.3919280  -100.6896   -88.0073    52.9360 0.0170 0.0144 0.0176  0.1919280
 49235852.0000000   -95.1547   -91.4035    53.2696 0.0170 0.0144 0.0176  49235852.3897462   -94.8763   -91.5193    53.1816 0.0170 0.0144 0.0176  0.1897460
 49235862.0000000   -89.7775   -95.8614    52.9863 0.0169 0.0142 0.0174  49235862.3889549   -89.5803   -96.0825    53.0088 0.0169 0.0142 0.0174  0.1889550
 49235872.0000000   -84.9015  -100.5984    53.0317 0.0170 0.0144 0.0176  49235872.3893471   -84.6479  -100.8183    53.0137 0.0171 0.0144 0.0176  0.1893470
 49235882.0000000   -79.7414  -105.5758    53.2108 0.0170 0.0144 0.0176  49235882.3902109   -79.4729  -105.6999    53.2278 0.0171 0.0144 0.0176  0.1902110
 49235892.0000000   -73.8815  -109.8206    52.6499 0.0169 0.0142 0.0174  49235892.3901019   -73.7017  -110.0459    52.6627 0.0169 0.0142 0.0175  0.1901020
 49235902.0000000   -67.7716  -113.7971    52.9226 0.0171 0.0144 0.0176  49235902.3903198   -67.5278  -113.9681    52.9576 0.0171 0.0144 0.0176  0.1903200
 49235912.0000000   -62.0009  -117.4556    53.3917 0.0171 0.0144 0.0176  49235912.3909490   -61.7734  -117.5489    53.4356 0.0171 0.0144 0.0176  0.1909490
 49235922.0000000   -56.6370  -121.9781    52.7940 0.0170 0.0143 0.0175  49235922.3928189   -56.5087  -122.1100    52.8438 0.0170 0.0144 0.0175  0.1928190
 49235932.0000000   -51.5684  -126.3910    53.1285 0.0171 0.0144 0.0176  49235932.3955789   -51.3587  -126.5962    53.1782 0.0171 0.0144 0.0177  0.1955790
 49235942.0000000   -46.6211  -131.0763    53.2543 0.0172 0.0144 0.0177  49235942.3988202   -46.5076  -131.1962    53.2492 0.0171 0.0145 0.0176  0.1988200
 49235952.0000000   -41.8604  -136.2089    52.8823 0.0170 0.0143 0.0175  49235952.4029388   -41.7357  -136.3882    52.9694 0.0170 0.0142 0.0175  0.2029390
 49235962.0000000   -37.7415  -141.5751    53.2219 0.0171 0.0144 0.0176  49235962.4080842   -37.5316  -141.7207    53.3196 0.0171 0.0144 0.0176  0.2080840
 49235972.0000000   -32.3824  -146.7116    53.0693 0.0171 0.0144 0.0176  49235972.4127080   -32.1334  -146.9157    53.0506 0.0171 0.0144 0.0176  0.2127080
 49235982.0000000   -25.9206  -151.3373    52.8306 0.0170 0.0142 0.0175  49235982.4167809   -25.6011  -151.5663    52.8372 0.0170 0.0143 0.0175  0.2167810
 49235992.0000000   -17.9509  -153.5484    52.9879 0.0171 0.0144 0.0176  49235992.4180410   -17.5704  -153.5746    53.0589 0.0171 0.0144 0.0176  0.2180410
 49236002.0000000    -9.5484  -154.2363    53.0506 0.0171 0.0144 0.0176  49236002.4179809    -9.2222  -154.2376    53.1244 0.0171 0.0144 0.0176  0.2179810
 49236012.0000000    -1.1910  -153.8527    53.0024 0.0170 0.0143 0.0175  49236012.4171619    -0.9245  -153.8797    53.0662 0.0170 0.0143 0.0175  0.2171620
 49236022.0000000     6.4797  -153.2368    53.2621 0.0171 0.0144 0.0176  49236022.4165578     6.8366  -153.1261    53.2068 0.0171 0.0144 0.0176  0.2165580
 49236032.0000000    14.3873  -152.2082    53.0931 0.0171 0.0144 0.0176  49236032.4159079    14.6996  -152.0939    53.0662 0.0171 0.0144 0.0176  0.2159080
 49236042.0000000    22.0556  -150.1886    53.0017 0.0170 0.0142 0.0175  49236042.4144602    22.3305  -149.9932    53.0036 0.0170 0.0143 0.0175  0.2144600
 49236052.0000000    29.7231  -147.3983    52.9711 0.0171 0.0144 0.0177  49236052.4127281    29.9548  -147.2532    53.1192 0.0171 0.0144 0.0176  0.2127280
 49236062.0000000    36.6650  -143.6043    52.8474 0.0172 0.0144 0.0177  49236062.4100139    36.9618  -143.5136    52.9076 0.0171 0.0144 0.0177  0.2100140
 49236072.0000000    43.5290  -140.1267    52.9306 0.0170 0.0143 0.0175  49236072.4081550    43.7763  -140.0008    53.0159 0.0170 0.0143 0.0175  0.2081550
 49236082.0000000    50.5556  -135.7935    52.9383 0.0171 0.0144 0.0177  49236082.4058609    50.8650  -135.6061    52.9440 0.0171 0.0144 0.0177  0.2058610
 49236092.0000000    57.3643  -131.6861    52.9399 0.0171 0.0144 0.0177  49236092.4043269    57.6768  -131.5842    52.9435 0.0171 0.0144 0.0177  0.2043270
 49236102.0000000    63.9604  -127.2824    52.8315 0.0170 0.0143 0.0175  49236102.4028280    64.2733  -127.2196    52.8179 0.0170 0.0143 0.0175  0.2028280
 49236112.0000000    70.6004  -122.4707    53.0976 0.0171 0.0144 0.0177  49236112.4015200    70.9568  -122.3169    52.9692 0.0172 0.0144 0.0177  0.2015200
 49236122.0000000    77.3371  -117.6041    53.0657 0.0171 0.0144 0.0177  49236122.4007349    77.5446  -117.3827    53.0647 0.0171 0.0144 0.0177  0.2007350
 49236132.0000000    83.9506  -112.7992    53.0188 0.0170 0.0143 0.0175  49236132.4005120    84.1775  -112.6097    52.9673 0.0170 0.0143 0.0175  0.2005120
 49236142.0000000    90.3566  -108.3201    52.7685 0.0172 0.0144 0.0177  49236142.4010179    90.6775  -108.1712    52.7376 0.0172 0.0144 0.0177  0.2010180
 49236152.0000000    96.5319  -104.3063    53.1616 0.0172 0.0144 0.0177  49236152.4024858    96.7902  -104.1445    53.1246 0.0172 0.0144 0.0177  0.2024860
 49236162.0000000   103.4037  -100.3674    52.8668 0.0170 0.0143 0.0175  49236162.4049208   103.6669  -100.2653    52.9287 0.0170 0.0143 0.0175  0.2049210
 49236172.0000000   110.6164   -96.1241    53.0323 0.0172 0.0144 0.0177  49236172.4079938   110.9256   -95.9090    52.9068 0.0172 0.0145 0.0177  0.2079940
 49236182.0000000   116.9823   -91.2188    53.0371 0.0172 0.0144 0.0177  49236182.4102509   117.2793   -90.9579    53.0032 0.0171 0.0144 0.0177  0.2102510
 49236192.0000000   122.9404   -85.5269    52.8592 0.0171 0.0143 0.0176  49236192.4119992   123.1795   -85.2967    53.0445 0.0171 0.0143 0.0176  0.2119990
 49236202.0000000   128.1073   -78.8964    52.9660 0.0172 0.0145 0.0177  49236202.4128580   128.2977   -78.6562    52.9713 0.0172 0.0144 0.0177  0.2128580
 49236212.0000000   132.7024   -72.3587    53.0340 0.0172 0.0144 0.0177  49236212.4137659   132.8767   -72.1084    53.1436 0.0172 0.0144 0.0177  0.2137660
 49236222.0000000   136.9463   -65.3345    53.1116 0.0170 0.0143 0.0176  49236222.4145551   137.1922   -65.0455    53.0550 0.0170 0.0143 0.0176  0.2145550
 49236232.0000000   141.4652   -58.9273    53.1168 0.0172 0.0145 0.0177  49236232.4165170   141.6885   -58.7015    53.2006 0.0172 0.0145 0.0177  0.2165170
 49236242.0000000   145.7120   -51.7768    53.1103 0.0172 0.0144 0.0177  49236242.4184151   145.8900   -51.5008    53.0321 0.0172 0.0145 0.0177  0.2184150
 49236252.0000000   149.3825   -45.0167    53.0652 0.0170 0.0143 0.0175  49236252.4199150   149.5837   -44.6642    52.9270 0.0171 0.0143 0.0176  0.2199150
 49236262.0000000   152.6563   -37.0841    52.9772 0.0172 0.0145 0.0177  49236262.4213798   152.7830   -36.8052    52.9963 0.0172 0.0144 0.0177  0.2213800
 49236272.0000000   155.3467   -29.6092    53.2160 0.0172 0.0145 0.0177  49236272.4226031   155.3697   -29.3153    53.1779 0.0172 0.0145 0.0177  0.2226030
 49236282.0000000   157.5469   -21.6910    52.8069 0.0171 0.0143 0.0176  49236282.4236732   157.6625   -21.4524    52.9430 0.0171 0.0143 0.0176  0.2236730
 49236292.0000000   159.0832   -13.4857    52.8863 0.0172 0.0145 0.0177  49236292.4244030   159.1198   -13.1489    52.9054 0.0172 0.0144 0.0177  0.2244030
 49236302.0000000   159.4038    -4.9233    53.3489 0.0172 0.0145 0.0177  49236302.4243698   159.4483    -4.5193    53.3315 0.0172 0.0145 0.0177  0.2243700
 49236312.0000000   158.1985     3.4424    52.7435 0.0171 0.0143 0.0176  49236312.4225671   158.1281     3.7939    52.7851 0.0171 0.0143 0.0176  0.2225670
 49236322.0000000   156.0055    11.1734    53.4149 0.0172 0.0145 0.0177  49236322.4204178   155.8516    11.6425    53.3187 0.0172 0.0145 0.0177  0.2204180
 49236332.0000000   152.2310    18.8317    53.0583 0.0172 0.0144 0.0177  49236332.4164650   152.0584    19.1550    52.9944 0.0172 0.0144 0.0177  0.2164650
 49236342.0000000   147.2652    25.7214    53.1732 0.0171 0.0143 0.0176  49236342.4115460   147.0217    26.0137    53.1137 0.0171 0.0143 0.0176  0.2115460
 49236352.0000000   142.4843    32.3886    53.0501 0.0172 0.0145 0.0177  49236352.4074180   142.3819    32.7105    53.0249 0.0172 0.0145 0.0177  0.2074180
 49236362.0000000   138.2243    39.2741    52.8099 0.0172 0.0145 0.0177  49236362.4042749   138.0758    39.5087    52.7592 0.0173 0.0145 0.0178  0.2042750
 49236372.0000000   134.7251    46.2713    53.1330 0.0171 0.0143 0.0176  49236372.4028752   134.6423    46.6750    53.0673 0.0171 0.0143 0.0176  0.2028750
 49236382.0000000   130.6714    52.9627    52.7991 0.0172 0.0144 0.0177  49236382.4008901   130.4844    53.1363    52.8762 0.0172 0.0145 0.0177  0.2008900
 49236392.0000000   125.5282    58.8046    52.8109 0.0172 0.0145 0.0177  49236392.3978779   125.2668    59.0289    52.7809 0.0172 0.0144 0.0177  0.1978780
 49236402.0000000   119.3155    64.4830    52.7085 0.0171 0.0143 0.0176  49236402.3941388   119.1047    64.6442    52.7357 0.0171 0.0143 0.0176  0.1941390
 49236412.0000000   113.6750    69.7839    53.0637 0.0172 0.0145 0.0177  49236412.3915558   113.4892    70.0603    53.0735 0.0172 0.0144 0.0177  0.1915560
 49236422.0000000   108.4752    75.7298    53.1143 0.0172 0.0144 0.0177  49236422.3901899   108.2129    76.0047    53.0723 0.0173 0.0145 0.0178  0.1901900
 49236432.0000000   103.7213    83.0550    53.2760 0.0171 0.0143 0.0176  49236432.3909962   103.5392    83.3520    53.1463 0.0171 0.0143 0.0176  0.1909960
 49236442.0000000    99.7357    90.3928    52.9712 0.0173 0.0145 0.0178  49236442.3931212    99.6799    90.7060    52.9465 0.0173 0.0145 0.0178  0.1931210
 49236452.0000000    96.6865    97.4515    53.0158 0.0173 0.0145 0.0178  49236452.3963842    96.4775    97.7291    52.9436 0.0173 0.0145 0.0177  0.1963840
 49236462.0000000    92.8236   104.6664    53.2589 0.0190 0.0155 0.0194  49236462.3998222    92.6951   105.0491    53.1995 0.0190 0.0155 0.0195  0.1998220
 49236472.0000000    88.8347   112.4058    52.8649 0.0191 0.0156 0.0196  49236472.4038329    88.7047   112.6777    52.8693 0.0191 0.0156 0.0196  0.2038330
 49236482.0000000    84.8606   119.7066    53.0608 0.0191 0.0156 0.0196  49236482.4082658    84.6665   120.0426    53.0188 0.0191 0.0156 0.0196  0.2082660
 49236492.0000000    80.2043   126.9863    52.9630 0.0190 0.0155 0.0194  49236492.4125829    80.0495   127.3284    52.8996 0.0190 0.0155 0.0195  0.2125830
 49236502.0000000    75.6132   133.6591    52.8801 0.0191 0.0156 0.0196  49236502.4167111    75.3958   133.8725    52.9333 0.0191 0.0156 0.0196  0.2167110
 49236512.0000000    69.9450   140.1495    52.9792 0.0191 0.0156 0.0196  49236512.4206662    69.7213   140.3961    53.0586 0.0191 0.0156 0.0196  0.2206660
 49236522.0000000    63.0236   145.1524    52.9665 0.0189 0.0155 0.0195  49236522.4226649    62.7509   145.3083    53.0267 0.0189 0.0155 0.0195  0.2226650
 49236532.0000000    55.3893   148.1506    53.0239 0.0191 0.0156 0.0196  49236532.4225349    55.0285   148.2570    52.9426 0.0191 0.0156 0.0196  0.2225350
 49236542.0000000    47.3453   149.1462    53.0267 0.0191 0.0156 0.0195  49236542.4203529    47.0076   149.1311    52.9563 0.0191 0.0156 0.0195  0.2203530
 49236552.0000000    39.7417   148.7094    52.8842 0.0189 0.0155 0.0194  49236552.4171090    39.4430   148.7222    52.9196 0.0189 0.0155 0.0194  0.2171090
 49236562.0000000    32.4661   148.4479    53.1040 0.0190 0.0156 0.0195  49236562.4147549    32.2007   148.4603    53.1453 0.0190 0.0156 0.0195  0.2147550
 49236572.0000000    25.3199   148.2797    53.1390 0.0190 0.0156 0.0195  49236572.4128768    24.9738   148.3227    53.1613 0.0191 0.0156 0.0195  0.2128770
 49236582.0000000    18.1775   148.6402    52.8571 0.0189 0.0155 0.0194  49236582.4118528    17.8316   148.6270    52.9447 0.0189 0.0155 0.0194  0.2118530
 49236592.0000000    10.9056   148.8240    52.9260 0.0190 0.0156 0.0195  49236592.4111812    10.5561   148.7906    52.7878 0.0190 0.0156 0.0195  0.2111810
 49236602.0000000     3.6714   149.2467    52.9394 0.0190 0.0156 0.0195  49236602.4112349     3.3602   149.1717    52.7805 0.0190 0.0156 0.0195  0.2112350
 49236612.0000000    -3.4198   148.8280    53.0825 0.0189 0.0155 0.0194  49236612.4108710    -3.6964   148.8607    53.0487 0.0189 0.0155 0.0194  0.2108710
 49236622.0000000   -10.4843   147.9823    52.7534 0.0190 0.0156 0.0195  49236622.4099979   -10.7822   147.8220    52.7534 0.0190 0.0156 0.0195  0.2099980
 49236642.0000000   -23.2151   141.6938    52.6652 0.0189 0.0154 0.0193  49236642.4039729   -23.4535   141.4829    52.7365 0.0189 0.0155 0.0194  0.2039730
 49236652.0000000   -30.2077   140.4350    52.9538 0.0190 0.0156 0.0195  49236652.4041998   -30.5391   140.2973    52.7653 0.0190 0.0156 0.0195  0.2042000
 49236662.0000000   -37.2522   138.9733    53.0256 0.0190 0.0156 0.0195  49236662.4046121   -37.6335   138.9259    53.0603 0.0190 0.0156 0.0195  0.2046120
 49236672.0000000   -44.6748   138.6586    53.1124 0.0189 0.0154 0.0193  49236672.4069099   -45.0275   138.6549    53.0169 0.0189 0.0154 0.0194  0.2069100
 49236682.0000000   -51.9317   137.7968    52.9898 0.0190 0.0155 0.0195  49236682.4088540   -52.2133   137.8243    53.0511 0.0190 0.0156 0.0195  0.2088540
 49236692.0000000   -58.6565   136.8650    52.8995 0.0190 0.0155 0.0195  49236692.4107790   -58.9518   136.7150    52.7562 0.0190 0.0156 0.0195  0.2107790
 49236702.0000000   -64.6977   135.1804    53.1962 0.0188 0.0154 0.0193  49236702.4121549   -64.9877   135.0786    53.0439 0.0188 0.0154 0.0193  0.2121550
 49236712.0000000   -69.9515   130.6831    52.8478 0.0190 0.0155 0.0195  49236712.4099061   -70.1112   130.4862    52.9160 0.0190 0.0156 0.0195  0.2099060
 49236722.0000000   -73.2093   124.6956    53.0600 0.0189 0.0155 0.0194  49236722.4054098   -73.3265   124.4717    53.0453 0.0189 0.0155 0.0194  0.2054100
 49236732.0000000   -77.6996   119.6781    52.8138 0.0188 0.0154 0.0193  49236732.4030671   -77.9537   119.5354    52.9007 0.0188 0.0154 0.0193  0.2030670
 49236742.0000000   -85.2416   117.3848    52.6367 0.0189 0.0155 0.0194  49236742.4059608   -85.5219   117.1954    52.6509 0.0189 0.0155 0.0194  0.2059610
 49236752.0000000   -92.4904   116.2603    52.9034 0.0190 0.0155 0.0194  49236752.4105551   -92.8053   116.2218    52.9244 0.0189 0.0156 0.0194  0.2105550
 49236762.0000000   -99.3773   114.5329    52.8760 0.0188 0.0154 0.0193  49236762.4143569   -99.7076   114.4514    52.8960 0.0188 0.0154 0.0193  0.2143570
 49236772.0000000  -106.0270   112.9629    52.7529 0.0189 0.0156 0.0194  49236772.4184229  -106.2188   112.8206    52.7369 0.0189 0.0155 0.0194  0.2184230
 49236782.0000000  -112.4266   111.6769    52.8455 0.0189 0.0155 0.0194  49236782.4229310  -112.7104   111.5433    52.9222 0.0189 0.0155 0.0194  0.2229310
 49236792.0000000  -118.6153   108.1856    52.6674 0.0188 0.0154 0.0193  49236792.4254680  -118.8318   107.9447    52.8160 0.0188 0.0154 0.0193  0.2254680
 49236802.0000000  -123.0419   103.1277    52.9356 0.0189 0.0155 0.0194  49236802.4254949  -123.2201   102.8156    52.8498 0.0189 0.0155 0.0194  0.2254950
 49236812.0000000  -125.8265    96.6571    52.7632 0.0189 0.0155 0.0194  49236812.4229889  -125.9089    96.2652    52.6568 0.0189 0.0155 0.0194  0.2229890
 49236822.0000000  -128.5507    90.9361    52.7447 0.0187 0.0154 0.0192  49236822.4215441  -128.5740    90.6841    52.8567 0.0188 0.0154 0.0193  0.2215440
 49236832.0000000  -131.8431    85.6139    53.0528 0.0189 0.0155 0.0194  49236832.4213970  -132.0426    85.4318    53.1247 0.0189 0.0155 0.0194  0.2213970
 49236842.0000000  -136.1996    80.8430    53.1725 0.0189 0.0155 0.0194  49236842.4228640  -136.3480    80.6122    53.0067 0.0189 0.0155 0.0194  0.2228640
 49236852.0000000  -140.2043    75.9714    52.7883 0.0187 0.0154 0.0192  49236852.4241302  -140.4066    75.6700    52.7446 0.0187 0.0154 0.0192  0.2241300
 49236862.0000000  -143.1399    70.4957    52.8039 0.0189 0.0155 0.0193  49236862.4242289  -143.1926    70.2273    52.8232 0.0189 0.0155 0.0193  0.2242290
 49236872.0000000  -144.8649    64.3000    52.8365 0.0189 0.0155 0.0193  49236872.4229019  -144.9034    64.0190    52.8666 0.0189 0.0155 0.0193  0.2229020
 49236882.0000000  -145.7214    58.1177    53.2098 0.0187 0.0154 0.0192  49236882.4209468  -145.7054    57.7933    53.0990 0.0187 0.0153 0.0192  0.2209470
 49236892.0000000  -145.1147    51.4353    53.0339 0.0188 0.0155 0.0193  49236892.4171052  -144.9759    51.1393    53.0935 0.0188 0.0155 0.0193  0.2171050
 49236902.0000000  -142.5734    45.0848    52.7851 0.0188 0.0155 0.0193  49236902.4114900  -142.4867    44.8476    52.7917 0.0188 0.0154 0.0193  0.2114900
 49236912.0000000  -138.8437    38.9288    53.1504 0.0188 0.0153 0.0192  49236912.4050729  -138.7937    38.9233    53.2422 0.0187 0.0154 0.0192  0.2050730
 49236922.0000000  -136.3481    33.2777    53.0778 0.0189 0.0155 0.0193  49236922.4002030  -136.2705    33.0699    53.2226 0.0188 0.0155 0.0193  0.2002030
 49236932.0000000  -136.9687    25.8414    52.6383 0.0188 0.0155 0.0193  49236932.3988228  -137.0143    25.5439    52.7572 0.0189 0.0155 0.0193  0.1988230
 49236942.0000000  -141.3535    20.3090    53.1416 0.0187 0.0153 0.0192  49236942.4034688  -141.6268    20.1057    53.0457 0.0187 0.0153 0.0192  0.2034690
 49236952.0000000  -146.6372    15.0758    53.1125 0.0188 0.0154 0.0193  49236952.4093120  -146.8592    14.9330    53.0673 0.0188 0.0154 0.0193  0.2093120
 49236965.0000000  -152.2246     8.9458    53.1837 0.0188 0.0154 0.0192  49236965.4155562  -152.3371     8.9280    53.2565 0.0188 0.0154 0.0192  0.2155560
 49236975.0000000  -154.6341     2.8473    52.7739 0.0187 0.0153 0.0192  49236975.4181080  -154.7538     2.4610    52.6088 0.0187 0.0154 0.0192  0.2181080
 49236985.0000000  -155.4983    -3.6564    52.8694 0.0188 0.0154 0.0193  49236985.4193039  -155.5837    -3.9086    53.0745 0.0188 0.0154 0.0193  0.2193040
 49236995.0000000  -154.9999   -10.2678    52.7327 0.0187 0.0154 0.0192  49236995.4188960  -154.9741   -10.6174    52.6987 0.0187 0.0154 0.0192  0.2188960
 49237005.0000000  -152.5122   -17.0278    52.6818 0.0187 0.0153 0.0191  49237005.4165199  -152.4410   -17.3481    52.7477 0.0187 0.0153 0.0192  0.2165200
 49237015.0000000  -150.3351   -23.0936    53.0560 0.0187 0.0154 0.0192  49237015.4149740  -150.3108   -23.3520    53.1083 0.0187 0.0154 0.0192  0.2149740
 49237025.0000000  -148.3477   -28.9380    52.8555 0.0187 0.0154 0.0192  49237025.4135952  -148.2297   -29.0992    52.8867 0.0187 0.0154 0.0192  0.2135950
 49237035.0000000  -145.7480   -34.5006    53.1953 0.0186 0.0153 0.0191  49237035.4119799  -145.5595   -34.6276    53.1466 0.0187 0.0154 0.0191  0.2119800
 49237045.0000000  -142.1897   -40.1813    52.9743 0.0187 0.0154 0.0192  49237045.4093919  -141.9422   -40.3798    53.0402 0.0188 0.0154 0.0192  0.2093920
 49237055.0000000  -138.7514   -45.6289    52.8254 0.0187 0.0154 0.0192  49237055.4072261  -138.6352   -45.8749    52.8452 0.0187 0.0154 0.0192  0.2072260
 49237065.0000000  -135.7971   -51.1622    52.8157 0.0186 0.0153 0.0191  49237065.4060512  -135.6583   -51.4552    52.8352 0.0186 0.0153 0.0191  0.2060510
 49237075.0000000  -132.6144   -57.0444    52.8769 0.0187 0.0154 0.0192  49237075.4051540  -132.4908   -57.2324    53.0430 0.0187 0.0154 0.0192  0.2051540
 49237085.0000000  -128.8865   -62.2840    52.8612 0.0187 0.0154 0.0191  49237085.4035449  -128.6820   -62.5840    52.7270 0.0186 0.0153 0.0191  0.2035450
 49237095.0000000  -124.0168   -67.2087    53.2318 0.0186 0.0153 0.0191  49237095.4010499  -123.7685   -67.4203    53.0303 0.0186 0.0153 0.0191  0.2010500
 49237105.0000000  -119.3364   -72.3620    52.8646 0.0187 0.0154 0.0192  49237105.3991108  -119.1719   -72.5880    52.8677 0.0187 0.0154 0.0192  0.1991110
 49237115.0000000  -115.8923   -77.3271    52.8772 0.0187 0.0154 0.0191  49237115.3987999  -115.7367   -77.5744    52.7941 0.0186 0.0153 0.0191  0.1988000
 49237125.0000000  -112.7417   -82.8533    52.9100 0.0186 0.0153 0.0191  49237125.3996139  -112.6483   -83.1055    52.9182 0.0186 0.0153 0.0191  0.1996140
 49237135.0000000  -110.0841   -89.2601    52.9771 0.0187 0.0154 0.0192  49237135.4018941  -109.9047   -89.4532    53.0250 0.0187 0.0154 0.0192  0.2018940
 49237145.0000000  -106.0953   -95.1125    52.9365 0.0186 0.0153 0.0191  49237145.4028151  -105.9140   -95.3143    53.0370 0.0186 0.0153 0.0191  0.2028150
 49237155.0000000  -101.7436  -100.1669    52.9943 0.0186 0.0153 0.0190  49237155.4032030  -101.5793  -100.3895    52.9457 0.0186 0.0153 0.0190  0.2032030
 49237165.0000000   -97.3686  -105.2980    52.9222 0.0187 0.0153 0.0191  49237165.4039891   -97.2012  -105.5586    52.8875 0.0187 0.0154 0.0191  0.2039890
 49237175.0000000   -92.7070  -110.4884    52.9621 0.0186 0.0153 0.0191  49237175.4050572   -92.5313  -110.7637    52.9551 0.0186 0.0153 0.0191  0.2050570
 49237185.0000000   -88.2535  -115.7028    53.0249 0.0185 0.0152 0.0190  49237185.4066799   -88.1261  -115.9432    52.9487 0.0185 0.0153 0.0190  0.2066800
 49237195.0000000   -83.6881  -120.4091    52.6260 0.0186 0.0153 0.0191  49237195.4080002   -83.6125  -120.6888    52.5809 0.0186 0.0153 0.0191  0.2080000
 49237205.0000000   -79.9382  -125.4621    52.8502 0.0186 0.0153 0.0190  49237205.4107389   -79.8222  -125.7551    52.7718 0.0186 0.0153 0.0190  0.2107390
 49237215.0000000   -75.7005  -131.2504    52.7333 0.0185 0.0152 0.0190  49237215.4141479   -75.5901  -131.4986    52.8076 0.0185 0.0152 0.0190  0.2141480
 49237225.0000000   -72.1420  -136.6620    53.1315 0.0186 0.0154 0.0191  49237225.4180698   -71.9447  -136.8935    53.0722 0.0186 0.0153 0.0191  0.2180700
 49237245.0000000   -63.9818  -146.8245    53.2029 0.0185 0.0152 0.0190  49237245.4252181   -63.8089  -147.0368    53.1216 0.0185 0.0152 0.0190  0.2252180
 49237255.0000000   -57.9425  -151.5572    52.9633 0.0186 0.0153 0.0191  49237255.4277549   -57.6327  -151.7720    52.9911 0.0186 0.0153 0.0191  0.2277550
 49237265.0000000   -49.9019  -154.7132    52.9249 0.0186 0.0153 0.0190  49237265.4281111   -49.6064  -154.8113    53.0131 0.0186 0.0153 0.0190  0.2281110
 49237275.0000000   -40.3125  -155.6408    53.0667 0.0185 0.0152 0.0189  49237275.4257722   -39.8576  -155.5553    53.0788 0.0185 0.0152 0.0189  0.2257720
 49237285.0000000   -28.9608  -152.7516    52.9959 0.0186 0.0153 0.0190  49237285.4189820   -28.5852  -152.5245    53.0232 0.0186 0.0153 0.0190  0.2189820
 49237295.0000000   -19.6119  -145.2404    53.1190 0.0185 0.0152 0.0190  49237295.4076939   -19.2661  -144.8023    53.0515 0.0185 0.0153 0.0190  0.2076940
 49237305.0000000   -13.7342  -134.6391    53.1976 0.0184 0.0152 0.0189  49237305.3937509   -13.5173  -134.2186    53.2024 0.0184 0.0152 0.0189  0.1937510
 49237335.0000000     1.5654  -104.5135    52.9953 0.0184 0.0152 0.0189  49237335.3562300     1.7543  -104.1377    53.0618 0.0184 0.0152 0.0189  0.1562300
 49237355.0000000    12.3479   -84.8641    53.1726 0.0185 0.0152 0.0189  49237355.3344550    12.4807   -84.4933    53.1831 0.0184 0.0152 0.0189  0.1344550
 49237375.0000000    23.0816   -65.2511    52.9942 0.0185 0.0153 0.0189  49237375.3161879    23.2208   -64.9008    53.0002 0.0185 0.0153 0.0189  0.1161880
 49237385.0000000    27.5956   -54.8090    53.0228 0.0184 0.0152 0.0189  49237385.3080568    27.7119   -54.4440    52.9855 0.0184 0.0152 0.0189  0.1080570
 49237395.0000000    30.3091   -43.0156    52.9428 0.0184 0.0152 0.0188  49237395.2994578    30.3965   -42.6760    52.9010 0.0184 0.0152 0.0188  0.0994580
 49237445.0000000    38.0913    14.2361    52.8922 0.0184 0.0152 0.0188  49237445.2890580    38.1834    14.5859    52.8968 0.0184 0.0152 0.0188  0.0890580
 49237455.0000000    41.5550    24.9290    53.2846 0.0183 0.0151 0.0188  49237455.2961528    41.6708    25.2917    53.2316 0.0183 0.0151 0.0188  0.0961530
 49237465.0000000    44.8021    36.2401    52.9388 0.0184 0.0152 0.0189  49237465.3045428    44.9160    36.5672    52.9568 0.0184 0.0152 0.0189  0.1045430
 49237485.0000000    50.8158    58.6942    52.9984 0.0183 0.0151 0.0188  49237485.3257382    50.9313    59.0453    53.0685 0.0183 0.0151 0.0188  0.1257380
 49237505.0000000    57.5272    80.7529    53.1836 0.0183 0.0152 0.0188  49237505.3504732    57.6362    81.1729    53.2025 0.0183 0.0151 0.0188  0.1504730
 49237545.0000000    72.4433   124.1726    53.0226 0.0183 0.0151 0.0187  49237545.4048870    72.5144   124.6597    52.8816 0.0183 0.0151 0.0187  0.2048870
