# time0_transmit N0 E0 U0 sigN0 sigE0 sigU0 time1_receive N1 E1 U1 sigN1 sigE1 sigU1 TWTT(s)
# transmit/receive times in seconds after 2020-1-1 00:00:00 (UTC)
# Topocentric coordinates: Lat0=32.8668445 deg., Lon0=-117.2701205 deg., H0=-88.738 m 
 70047644.0000000  -102.8785   -67.8381    53.2938 0.0147 0.0132 0.0156  70047644.2596788  -102.7677   -67.6375    53.3023 0.0147 0.0132 0.0156  0.1796790
 70047674.0000000   -86.8863   -50.5408    53.6036 0.0147 0.0133 0.0156  70047674.2323689   -86.7367   -50.2869    53.4799 0.0147 0.0133 0.0156  0.1523690
 70047689.0000000   -80.0537   -44.0085    53.1229 0.0148 0.0133 0.0157  70047689.2214830   -79.9205   -43.9392    53.1530 0.0148 0.0133 0.0157  0.1414830
 70047704.0000000   -73.0371   -34.7947    53.4740 0.0147 0.0132 0.0155  70047704.2097998   -72.9840   -34.5986    53.4427 0.0147 0.0132 0.0155  0.1298000
 70047719.0000000   -65.0504   -28.3673    52.9236 0.0148 0.0133 0.0157  70047719.1985731   -64.9708   -28.4115    52.8934 0.0148 0.0133 0.0157  0.1185730
 70047734.0000000   -53.8014   -23.0545    53.2735 0.0146 0.0132 0.0155  70047734.1859238   -53.6840   -23.0288    53.2322 0.0147 0.0132 0.0155  0.1059240
 70047749.0000000   -42.3964   -17.5613    53.4212 0.0148 0.0133 0.0156  70047749.1743302   -42.2997   -17.4658    53.4233 0.0148 0.0133 0.0156  0.0943300
 70047764.0000000   -33.5457   -11.8190    52.8763 0.0146 0.0131 0.0155  70047764.1653128   -33.4087   -11.8119    52.8345 0.0146 0.0132 0.0155  0.0853130
 70047779.0000000   -22.8118    -5.8684    53.7947 0.0148 0.0133 0.0156  70047779.1586652   -22.7043    -5.7316    53.8308 0.0148 0.0133 0.0156  0.0786650
 70047794.0000000   -11.5073     0.4981    53.8447 0.0146 0.0131 0.0155  70047794.1537230   -11.3919     0.5977    53.8939 0.0146 0.0131 0.0155  0.0737230
 70047809.0000000     1.1710    -1.1778    53.3644 0.0147 0.0133 0.0156  70047809.1514628     1.1928    -1.2827    53.3496 0.0147 0.0133 0.0156  0.0714630
 70047824.0000000    11.8826    -9.0765    53.7423 0.0146 0.0131 0.0154  70047824.1546612    12.0222    -9.1213    53.7077 0.0146 0.0131 0.0154  0.0746610
 70047839.0000000    21.2751   -17.5564    53.3422 0.0147 0.0133 0.0156  70047839.1603880    21.3528   -17.6624    53.3373 0.0147 0.0133 0.0156  0.0803880
 70047854.0000000    29.2704   -27.0634    52.8490 0.0146 0.0131 0.0154  70047854.1686969    29.3279   -27.2287    52.9452 0.0146 0.0131 0.0154  0.0886970
 70047869.0000000    36.0512   -37.3471    53.8045 0.0147 0.0132 0.0156  70047869.1800642    36.0987   -37.4062    53.7963 0.0147 0.0132 0.0156  0.1000640
 70047884.0000000    41.6190   -48.1159    53.3955 0.0145 0.0131 0.0154  70047884.1912138    41.6754   -48.2943    53.3189 0.0145 0.0131 0.0154  0.1112140
 70047899.0000000    50.0227   -59.6929    54.0797 0.0147 0.0132 0.0155  70047899.2069278    50.1898   -59.7590    53.9923 0.0147 0.0132 0.0155  0.1269280
 70048064.0000000   147.4683  -152.0926    53.3195 0.0139 0.0126 0.0146  70048064.3728518   147.8968  -152.1121    53.1330 0.0139 0.0126 0.0147  0.2928520
 70048079.0000000   154.8777  -148.7088    53.1876 0.0141 0.0127 0.0148  70048079.3759899   154.9447  -148.5408    53.3367 0.0141 0.0127 0.0148  0.2959900
 70048094.0000000   159.5337  -138.2775    53.6845 0.0139 0.0126 0.0146  70048094.3713942   159.7013  -137.9772    53.6903 0.0139 0.0126 0.0146  0.2913940
 70048124.0000000   167.8555  -117.9370    52.8328 0.0139 0.0125 0.0146  70048124.3637478   168.0358  -117.8347    52.8566 0.0139 0.0125 0.0146  0.2837480
 70048139.0000000   173.2370  -107.5423    53.0445 0.0140 0.0126 0.0147  70048139.3619871   173.4651  -107.3389    53.1393 0.0140 0.0126 0.0147  0.2819870
 70048154.0000000   179.9348   -98.0939    53.2239 0.0139 0.0125 0.0146  70048154.3634593   180.0447   -98.0068    53.3454 0.0139 0.0125 0.0146  0.2834590
 70048169.0000000   185.7624   -89.2972    53.4009 0.0140 0.0126 0.0147  70048169.3649979   185.9454   -89.1029    53.1815 0.0140 0.0126 0.0147  0.2849980
 70048184.0000000   192.6540   -80.8742    53.5747 0.0139 0.0125 0.0146  70048184.3686349   192.9294   -80.4935    53.5641 0.0139 0.0125 0.0146  0.2886350
 70048214.0000000   204.0479   -62.6426    53.0387 0.0138 0.0125 0.0146  70048214.3742149   204.1892   -62.5992    52.9020 0.0138 0.0125 0.0146  0.2942150
 70048229.0000000   210.8059   -53.2980    53.9669 0.0140 0.0126 0.0147  70048229.3797338   211.0445   -52.8927    53.7756 0.0140 0.0126 0.0147  0.2997340
 70048244.0000000   217.3509   -43.6851    53.9667 0.0138 0.0125 0.0145  70048244.3851998   217.4678   -43.2917    53.9226 0.0138 0.0125 0.0146  0.3052000
 70048274.0000000   234.1296   -26.1414    53.3605 0.0138 0.0125 0.0145  70048274.4035349   234.5598   -25.7378    53.4263 0.0138 0.0125 0.0145  0.3235350
 70048289.0000000   240.3920   -17.6910    53.5311 0.0139 0.0126 0.0147  70048289.4105978   240.5927   -17.4467    53.5455 0.0139 0.0126 0.0147  0.3305980
 70048454.0000000   251.7837    38.6910    53.8574 0.0138 0.0124 0.0145  70048454.4283931   251.5496    39.0727    53.8091 0.0138 0.0125 0.0145  0.3483930
 70048499.0000000   225.5742    58.4671    53.7029 0.0142 0.0129 0.0150  70048499.3998828   225.3473    58.7579    53.7206 0.0142 0.0128 0.0149  0.3198830
 70048529.0000000   208.6792    74.7844    53.6934 0.0139 0.0125 0.0145  70048529.3851550   208.3815    75.0013    53.6065 0.0138 0.0125 0.0145  0.3051550
 70048544.0000000   202.8413    82.4627    53.1908 0.0141 0.0127 0.0148  70048544.3816829   202.7473    82.5433    53.2252 0.0141 0.0127 0.0148  0.3016830
 70048559.0000000   196.2715    89.7202    53.3012 0.0142 0.0128 0.0149  70048559.3774250   196.0656    89.9772    53.4104 0.0142 0.0128 0.0149  0.2974250
 70048574.0000000   188.9033    97.7559    53.6937 0.0138 0.0125 0.0145  70048574.3734829   188.4536    98.2694    53.9273 0.0137 0.0124 0.0144  0.2934830
 70048589.0000000   178.0570   106.6387    53.8406 0.0138 0.0125 0.0145  70048589.3668499   177.7046   107.0348    53.8212 0.0138 0.0125 0.0145  0.2868500
 70048604.0000000   168.7413   112.6307    54.1963 0.0137 0.0124 0.0144  70048604.3611262   168.6191   113.0809    54.2618 0.0137 0.0124 0.0144  0.2811260
 70048619.0000000   159.8723   118.6049    53.9139 0.0138 0.0125 0.0145  70048619.3560469   159.6284   119.0875    53.9773 0.0138 0.0125 0.0145  0.2760470
 70048649.0000000   144.5129   134.6958    53.5560 0.0138 0.0125 0.0145  70048649.3539982   144.2954   134.9838    53.6559 0.0138 0.0125 0.0145  0.2739980
 70048664.0000000   135.3729   139.0978    53.9397 0.0137 0.0123 0.0144  70048664.3497038   135.1535   139.2363    53.9299 0.0137 0.0125 0.0144  0.2697040
 70048709.0000000   106.5424   119.4480    52.5897 0.0138 0.0125 0.0145  70048709.3053052   106.3639   119.1123    52.6960 0.0138 0.0124 0.0145  0.2253050
 70048739.0000000    88.8470   104.5878    53.7432 0.0138 0.0124 0.0145  70048739.2772539    88.7285   104.6054    53.8779 0.0138 0.0124 0.0145  0.1972540
 70048754.0000000    80.6438    98.0750    53.4343 0.0137 0.0123 0.0143  70048754.2643309    80.4865    97.9825    53.5152 0.0137 0.0123 0.0143  0.1843310
 70048784.0000000    66.1445    83.0883    52.7570 0.0144 0.0130 0.0151  70048784.2385700    66.0172    82.8174    52.7655 0.0143 0.0130 0.0151  0.1585700
 70048799.0000000    59.1551    73.5382    52.8080 0.0145 0.0132 0.0153  70048799.2247288    59.0880    73.3476    53.0021 0.0145 0.0132 0.0153  0.1447290
 70048814.0000000    50.7098    67.5955    53.6958 0.0143 0.0130 0.0151  70048814.2138379    50.5097    67.5268    53.5554 0.0144 0.0131 0.0152  0.1338380
 70048829.0000000    44.8712    59.6021    53.2981 0.0145 0.0131 0.0153  70048829.2026508    44.7726    59.5043    53.3346 0.0145 0.0132 0.0153  0.1226510
 70048844.0000000    38.8092    51.8305    53.0936 0.0143 0.0130 0.0151  70048844.1919458    38.6783    51.6431    53.1387 0.0143 0.0130 0.0151  0.1119460
 70048859.0000000    33.3029    43.6802    53.2627 0.0145 0.0131 0.0152  70048859.1823280    33.2324    43.5846    53.3044 0.0145 0.0131 0.0152  0.1023280
 70048874.0000000    24.8352    34.3975    53.1549 0.0144 0.0130 0.0151  70048874.1710279    24.7362    34.2551    53.3183 0.0143 0.0130 0.0151  0.0910280
 70048889.0000000    16.6479    27.0302    54.1148 0.0144 0.0131 0.0152  70048889.1639230    16.5402    27.0394    54.1157 0.0144 0.0131 0.0152  0.0839230
 70048904.0000000    10.0767    17.2785    53.0847 0.0143 0.0130 0.0151  70048904.1558919    10.0250    17.1136    53.1022 0.0143 0.0130 0.0151  0.0758920
 70048919.0000000     4.4213     7.7764    53.2620 0.0144 0.0131 0.0152  70048919.1523092     4.3324     7.6606    53.3071 0.0144 0.0131 0.0152  0.0723090
 70048934.0000000    -1.5972    -1.6606    53.5591 0.0143 0.0130 0.0151  70048934.1517029    -1.6661    -1.7749    53.4848 0.0143 0.0130 0.0151  0.0717030
 70048949.0000000    -6.1370   -11.0296    54.0652 0.0144 0.0131 0.0152  70048949.1542792    -6.2537   -11.0805    53.9724 0.0144 0.0131 0.0152  0.0742790
 70048964.0000000   -11.1478   -20.9259    53.2881 0.0143 0.0130 0.0151  70048964.1581450   -11.1707   -21.0108    53.3688 0.0143 0.0129 0.0151  0.0781450
 70048979.0000000   -19.3027   -28.1656    52.6718 0.0144 0.0131 0.0152  70048979.1641650   -19.4312   -28.3735    52.7168 0.0144 0.0131 0.0152  0.0841650
 70048994.0000000   -26.9461   -35.6712    53.8425 0.0143 0.0129 0.0150  70048994.1737149   -27.0682   -35.7048    53.7762 0.0143 0.0129 0.0150  0.0937150
 70049009.0000000   -35.4451   -42.4441    53.2923 0.0144 0.0131 0.0152  70049009.1829212   -35.5091   -42.4842    53.4149 0.0144 0.0131 0.0152  0.1029210
 70049024.0000000   -44.2841   -47.8368    53.1608 0.0143 0.0129 0.0150  70049024.1926899   -44.3596   -47.9003    53.1614 0.0143 0.0129 0.0151  0.1126900
 70049039.0000000   -52.5858   -54.3325    54.0984 0.0144 0.0131 0.0152  70049039.2045889   -52.6798   -54.2733    54.1307 0.0144 0.0131 0.0152  0.1245890
 70049054.0000000   -61.0837   -62.8367    53.0319 0.0143 0.0129 0.0150  70049054.2173510   -61.1106   -63.1163    53.0010 0.0142 0.0129 0.0150  0.1373510
 70049354.0000000   -84.8259   -86.8773    53.3922 0.0142 0.0130 0.0151  70049354.2576430   -84.6401   -86.7983    53.5179 0.0142 0.0130 0.0151  0.1776430
 70049369.0000000   -75.4284   -77.6621    53.1991 0.0144 0.0131 0.0152  70049369.2414539   -75.3087   -77.6076    53.0727 0.0144 0.0131 0.0152  0.1614540
 70049384.0000000   -69.9826   -65.5881    53.1015 0.0142 0.0129 0.0151  70049384.2267342   -69.9407   -65.3983    53.1156 0.0142 0.0129 0.0151  0.1467340
 70049399.0000000   -65.3730   -55.4153    53.4200 0.0144 0.0131 0.0152  70049399.2151818   -65.2160   -55.3008    53.4570 0.0143 0.0131 0.0152  0.1351820
 70049414.0000000   -55.7728   -47.8446    53.2221 0.0142 0.0130 0.0151  70049414.2015200   -55.6596   -47.7807    53.3398 0.0142 0.0130 0.0151  0.1215200
 70049429.0000000   -45.5137   -37.0870    53.5348 0.0146 0.0132 0.0154  70049429.1862650   -45.3709   -37.0103    53.3946 0.0146 0.0132 0.0154  0.1062650
 70049444.0000000   -36.9724   -29.5861    53.5287 0.0142 0.0129 0.0150  70049444.1757050   -36.9164   -29.5353    53.5725 0.0142 0.0130 0.0150  0.0957050
 70049459.0000000   -29.4687   -20.6991    53.9067 0.0143 0.0131 0.0152  70049459.1667888   -29.4035   -20.6002    53.8698 0.0143 0.0131 0.0151  0.0867890
 70049474.0000000   -20.1669   -10.4016    53.0624 0.0142 0.0130 0.0150  70049474.1572452   -20.0945   -10.4267    52.9913 0.0142 0.0130 0.0151  0.0772450
 70049489.0000000   -12.9675    -2.1542    52.1905 0.0143 0.0131 0.0152  70049489.1520221   -12.9034    -2.2342    52.1501 0.0143 0.0131 0.0151  0.0720220
 70049504.0000000    -1.5037     0.5525    53.2392 0.0142 0.0129 0.0150  70049504.1513438    -1.3902     0.4708    53.2954 0.0142 0.0129 0.0150  0.0713440
 70049519.0000000     9.0266    -6.4347    53.4925 0.0143 0.0130 0.0151  70049519.1530828     9.1257    -6.5227    53.4867 0.0143 0.0130 0.0151  0.0730830
 70049534.0000000    18.8892   -16.6565    53.5154 0.0144 0.0130 0.0152  70049534.1591160    19.0024   -16.7909    53.4446 0.0144 0.0130 0.0152  0.0791160
 70049549.0000000    29.1138   -26.2146    53.0517 0.0143 0.0131 0.0152  70049549.1682498    29.2550   -26.4164    52.9373 0.0143 0.0131 0.0152  0.0882500
 70049564.0000000    35.6956   -37.4160    53.7490 0.0142 0.0129 0.0150  70049564.1798420    35.8038   -37.4559    53.8260 0.0142 0.0129 0.0150  0.0998420
 70049579.0000000    41.0785   -48.4761    54.0058 0.0143 0.0131 0.0151  70049579.1916420    41.0991   -48.4601    54.0797 0.0143 0.0131 0.0151  0.1116420
 70049609.0000000    57.7289   -69.3602    53.6072 0.0143 0.0131 0.0151  70049609.2205930    57.8378   -69.4264    53.5806 0.0143 0.0130 0.0151  0.1405930
 70049759.0000000   155.0877  -156.3571    53.1750 0.0146 0.0132 0.0153  70049759.3833430   155.3453  -156.3752    53.2362 0.0146 0.0132 0.0153  0.3033430
 70049774.0000000   162.4443  -147.7299    52.9964 0.0144 0.0131 0.0152  70049774.3822389   162.3374  -147.7548    52.9553 0.0144 0.0130 0.0152  0.3022390
 70049789.0000000   164.5293  -137.0004    53.2508 0.0146 0.0132 0.0153  70049789.3752940   164.6056  -136.9145    53.1529 0.0146 0.0131 0.0153  0.2952940
 70049804.0000000   168.5544  -127.5498    53.3312 0.0144 0.0130 0.0152  70049804.3718808   168.9014  -127.4847    53.1561 0.0144 0.0131 0.0152  0.2918810
 70049819.0000000   175.7665  -117.0424    53.3516 0.0146 0.0132 0.0153  70049819.3715279   175.8124  -116.9109    53.4083 0.0146 0.0131 0.0153  0.2915280
 70049834.0000000   181.8365  -107.1658    53.6534 0.0144 0.0130 0.0152  70049834.3716590   182.0335  -106.8472    53.6754 0.0142 0.0130 0.0150  0.2916590
 70049849.0000000   188.2776   -98.3773    53.5907 0.0146 0.0131 0.0153  70049849.3732731   188.4571   -98.2275    53.6542 0.0146 0.0131 0.0153  0.2932730
 70049864.0000000   194.6433   -89.5549    53.3707 0.0145 0.0130 0.0152  70049864.3756850   194.9337   -89.1957    53.4948 0.0145 0.0131 0.0152  0.2956850
 70049879.0000000   202.9099   -81.3994    53.7451 0.0146 0.0132 0.0153  70049879.3814230   203.2060   -81.2032    53.7931 0.0146 0.0132 0.0153  0.3014230
 70049939.0000000   244.9323   -54.0422    54.0138 0.0146 0.0131 0.0153  70049939.4234459   245.1091   -53.5417    54.1529 0.0146 0.0131 0.0153  0.3434460
 70049954.0000000   249.9978   -43.3537    53.8917 0.0142 0.0130 0.0151  70049954.4271221   250.0960   -42.9606    53.9118 0.0142 0.0130 0.0151  0.3471220
 70049969.0000000   254.5762   -33.8682    53.5818 0.0143 0.0131 0.0152  70049969.4311948   254.8750   -33.5801    53.4222 0.0143 0.0131 0.0152  0.3511950
 70049984.0000000   260.1905   -25.1491    53.6814 0.0142 0.0130 0.0151  70049984.4373348   260.5555   -24.6391    53.4608 0.0144 0.0130 0.0152  0.3573350
 70050044.0000000   291.8892     1.8166    53.2432 0.0142 0.0130 0.0151  70050044.4771018   291.9879     1.9830    53.1420 0.0143 0.0130 0.0151  0.3971020
 70050194.0000000   223.8627    59.5082    53.2752 0.0135 0.0124 0.0143  70050194.3979709   223.5600    59.9205    53.3574 0.0135 0.0124 0.0143  0.3179710
 70050209.0000000   217.4784    67.6928    53.3357 0.0136 0.0125 0.0144  70050209.3930032   217.2364    67.8608    53.4242 0.0136 0.0125 0.0144  0.3130030
 70050224.0000000   209.6692    76.2402    53.7856 0.0135 0.0124 0.0143  70050224.3869579   209.2208    76.6780    53.8840 0.0135 0.0125 0.0143  0.3069580
 70050254.0000000   193.4374    88.5904    53.7609 0.0135 0.0125 0.0143  70050254.3737721   193.3803    88.7735    53.7283 0.0135 0.0124 0.0143  0.2937720
 70050269.0000000   184.5340    94.9041    53.6058 0.0136 0.0125 0.0144  70050269.3667459   184.2774    95.0178    53.4697 0.0136 0.0125 0.0144  0.2867460
 70050284.0000000   177.4812   103.0112    53.5824 0.0140 0.0130 0.0150  70050284.3640122   177.3019   103.3093    53.3809 0.0141 0.0130 0.0150  0.2840120
 70050299.0000000   170.4706   110.8294    53.3909 0.0136 0.0125 0.0144  70050299.3613489   170.2706   110.8221    53.0821 0.0136 0.0126 0.0144  0.2813490
 70050329.0000000   155.2195   123.3206    52.9474 0.0136 0.0127 0.0145  70050329.3549130   155.4153   123.3349    52.7398 0.0136 0.0126 0.0144  0.2749130
 70050344.0000000   148.1542   130.6614    53.5883 0.0136 0.0124 0.0144  70050344.3540130   147.9439   130.8879    53.6933 0.0135 0.0124 0.0143  0.2740130
 70050359.0000000   139.0775   133.8623    53.7766 0.0136 0.0126 0.0144  70050359.3482368   138.9651   133.9285    53.8099 0.0136 0.0126 0.0144  0.2682370
 70050464.0000000    92.5734    95.9449    53.5610 0.0136 0.0125 0.0144  70050464.2723799    92.4721    95.8996    53.6211 0.0136 0.0125 0.0144  0.1923800
 70050479.0000000    86.6566    88.2469    53.1094 0.0137 0.0126 0.0145  70050479.2599552    86.5134    87.8920    52.9456 0.0137 0.0126 0.0145  0.1799550
 70050494.0000000    79.0022    78.6981    53.7933 0.0136 0.0125 0.0144  70050494.2457528    78.8950    78.6569    53.8806 0.0136 0.0125 0.0144  0.1657530
 70050524.0000000    68.5576    66.7846    53.6322 0.0136 0.0125 0.0144  70050524.2269080    68.5147    66.7684    53.6738 0.0136 0.0125 0.0144  0.1469080
 70050539.0000000    62.6621    61.8049    53.5710 0.0137 0.0126 0.0145  70050539.2180471    62.6271    61.8443    53.7195 0.0137 0.0126 0.0145  0.1380470
 70050554.0000000    56.9712    56.2194    53.2041 0.0136 0.0125 0.0144  70050554.2086968    56.9692    56.1352    53.2830 0.0136 0.0125 0.0144  0.1286970
 70050569.0000000    50.1336    51.6052    53.3800 0.0137 0.0126 0.0145  70050569.1998668    50.0082    51.4532    53.4122 0.0137 0.0126 0.0145  0.1198670
 70050584.0000000    42.9011    43.6578    53.5014 0.0136 0.0125 0.0144  70050584.1888342    42.8479    43.5832    53.5852 0.0136 0.0125 0.0144  0.1088340
 70050599.0000000    37.1024    37.2865    53.6429 0.0137 0.0126 0.0145  70050599.1806159    37.0982    37.2414    53.7342 0.0137 0.0126 0.0145  0.1006160
 70050614.0000000    29.0402    29.6984    53.1755 0.0136 0.0125 0.0144  70050614.1703038    28.9724    29.5692    53.2033 0.0136 0.0125 0.0144  0.0903040
 70050629.0000000    21.8945    21.9610    53.5754 0.0137 0.0126 0.0145  70050629.1628540    21.8389    21.9233    53.5475 0.0137 0.0126 0.0145  0.0828540
 70050644.0000000    15.6562    13.3332    53.1032 0.0136 0.0125 0.0145  70050644.1562941    15.6177    13.2151    53.1974 0.0136 0.0125 0.0144  0.0762940
 70050659.0000000    10.9884     4.9198    53.6105 0.0137 0.0126 0.0146  70050659.1535792    10.9142     4.8683    53.6404 0.0137 0.0126 0.0146  0.0735790
 70050674.0000000     7.5742    -2.7941    53.2943 0.0137 0.0126 0.0145  70050674.1521358     7.4904    -2.9548    53.2140 0.0137 0.0126 0.0145  0.0721360
 70050689.0000000     3.1109   -11.6713    53.1401 0.0138 0.0127 0.0146  70050689.1530569     3.0366   -11.7111    53.2131 0.0137 0.0127 0.0146  0.0730570
 70050704.0000000    -2.3362   -18.4757    53.1549 0.0141 0.0128 0.0149  70050704.1555350    -2.4466   -18.6003    53.2467 0.0141 0.0129 0.0149  0.0755350
 70050719.0000000    -8.1276   -24.7725    54.2847 0.0142 0.0129 0.0150  70050719.1606328    -8.1636   -24.6880    54.2690 0.0142 0.0129 0.0150  0.0806330
 70050734.0000000   -16.0607   -31.2679    52.7313 0.0141 0.0129 0.0149  70050734.1650002   -16.1568   -31.4898    52.7311 0.0141 0.0129 0.0149  0.0850000
 70050749.0000000   -22.7110   -38.8387    53.5667 0.0142 0.0130 0.0150  70050749.1737640   -22.7955   -38.9015    53.5569 0.0142 0.0129 0.0150  0.0937640
 70050764.0000000   -30.1293   -43.3142    53.7528 0.0141 0.0129 0.0149  70050764.1808970   -30.1705   -43.3433    53.7456 0.0141 0.0129 0.0149  0.1008970
 70050779.0000000   -37.3146   -49.9782    53.2241 0.0142 0.0130 0.0150  70050779.1899328   -37.4020   -50.1006    53.2387 0.0142 0.0130 0.0150  0.1099330
 70050794.0000000   -44.2794   -55.4701    53.8409 0.0141 0.0129 0.0150  70050794.1993861   -44.3591   -55.4659    53.9399 0.0141 0.0129 0.0150  0.1193860
 70050809.0000000   -50.6804   -60.4955    53.2189 0.0142 0.0130 0.0151  70050809.2076118   -50.7423   -60.5420    53.1994 0.0142 0.0130 0.0151  0.1276120
 70050824.0000000   -60.0557   -66.3347    54.2776 0.0141 0.0129 0.0150  70050824.2202280   -60.2039   -66.2387    54.1647 0.0141 0.0129 0.0150  0.1402280
 70050839.0000000   -68.4087   -73.0072    53.0913 0.0142 0.0130 0.0151  70050839.2319880   -68.5329   -73.1589    53.1191 0.0142 0.0130 0.0151  0.1519880
 70050869.0000000   -81.2148   -84.8628    53.3932 0.0142 0.0130 0.0151  70050869.2531350   -81.3455   -85.0317    53.3762 0.0142 0.0130 0.0151  0.1731350
 70051184.0000000   -85.0314   -75.9134    53.6504 0.0148 0.0134 0.0158  70051184.2487009   -84.9224   -75.7761    53.5713 0.0148 0.0134 0.0158  0.1687010
 70051199.0000000   -77.4068   -66.7213    52.9111 0.0149 0.0135 0.0159  70051199.2341790   -77.2914   -66.6081    52.9904 0.0149 0.0135 0.0159  0.1541790
 70051214.0000000   -69.1975   -58.1543    54.0059 0.0148 0.0134 0.0158  70051214.2210202   -69.1363   -58.0065    53.9946 0.0149 0.0135 0.0158  0.1410200
 70051229.0000000   -61.4741   -50.6489    53.5294 0.0150 0.0136 0.0159  70051229.2084708   -61.3211   -50.5169    53.4225 0.0150 0.0136 0.0159  0.1284710
 70051244.0000000   -52.5743   -44.0364    53.4051 0.0149 0.0135 0.0158  70051244.1964478   -52.5015   -43.9028    53.4239 0.0149 0.0135 0.0158  0.1164480
 70051259.0000000   -45.6215   -37.5695    53.6849 0.0150 0.0135 0.0159  70051259.1869440   -45.5192   -37.4723    53.6910 0.0150 0.0136 0.0159  0.1069440
 70051274.0000000   -38.9646   -31.2565    53.4116 0.0149 0.0135 0.0158  70051274.1779580   -38.9236   -31.1899    53.3644 0.0149 0.0135 0.0158  0.0979580
 70051289.0000000   -31.5667   -24.2928    53.2547 0.0150 0.0135 0.0159  70051289.1691320   -31.4587   -24.2394    53.2926 0.0150 0.0136 0.0159  0.0891320
 70051304.0000000   -25.0121   -16.7022    53.3891 0.0149 0.0135 0.0158  70051304.1621671   -24.9857   -16.6825    53.3880 0.0149 0.0135 0.0158  0.0821670
 70051319.0000000   -18.9685    -8.4618    53.1638 0.0146 0.0133 0.0155  70051319.1564789   -18.8852    -8.4314    53.2025 0.0146 0.0132 0.0155  0.0764790
 70051334.0000000   -10.8531    -3.3782    53.6146 0.0145 0.0132 0.0154  70051334.1534648   -10.7494    -3.3720    53.6583 0.0145 0.0132 0.0154  0.0734650
 70051349.0000000    -1.2551    -4.9562    54.0630 0.0146 0.0132 0.0155  70051349.1526840    -1.1098    -4.9839    53.9962 0.0146 0.0132 0.0155  0.0726840
 70051364.0000000     8.2034   -13.2858    53.2997 0.0145 0.0131 0.0154  70051364.1543822     8.3282   -13.3589    53.2740 0.0145 0.0132 0.0154  0.0743820
 70051379.0000000    17.3211   -19.7465    53.5309 0.0150 0.0136 0.0160  70051379.1598232    17.4613   -19.8232    53.4447 0.0150 0.0136 0.0160  0.0798230
 70051394.0000000    28.5643   -27.0153    53.7029 0.0149 0.0135 0.0158  70051394.1691821    28.7708   -27.0298    53.7137 0.0149 0.0135 0.0159  0.0891820
 70051409.0000000    36.9968   -31.5133    54.4052 0.0150 0.0136 0.0159  70051409.1775818    37.0689   -31.4717    54.3465 0.0150 0.0136 0.0159  0.0975820
 70051424.0000000    47.3698   -43.0558    53.2045 0.0149 0.0135 0.0159  70051424.1915960    47.4987   -43.1971    53.2640 0.0149 0.0135 0.0159  0.1115960
 70051439.0000000    54.3593   -50.0801    53.7520 0.0150 0.0136 0.0159  70051439.2024338    54.4234   -50.1427    53.7072 0.0150 0.0136 0.0160  0.1224340
 70051454.0000000    62.1461   -57.9799    53.6098 0.0149 0.0135 0.0159  70051454.2146850    62.3257   -58.0945    53.4892 0.0149 0.0135 0.0159  0.1346850
 70051634.0000000   156.6125  -143.4216    53.1871 0.0154 0.0138 0.0163  70051634.3732362   156.9135  -143.1624    53.2548 0.0154 0.0138 0.0164  0.2932360
 70051649.0000000   162.3977  -134.9725    53.2220 0.0155 0.0139 0.0165  70051649.3717868   162.6278  -134.8679    53.0332 0.0155 0.0139 0.0165  0.2917870
 70051664.0000000   170.0947  -126.0779    53.9395 0.0154 0.0138 0.0164  70051664.3724928   170.1485  -125.6886    54.1337 0.0154 0.0138 0.0164  0.2924930
 70051679.0000000   176.4454  -115.9283    53.3635 0.0155 0.0139 0.0165  70051679.3716438   176.4379  -115.7532    53.4333 0.0155 0.0139 0.0165  0.2916440
 70051695.0000000   181.6840  -107.5369    53.4056 0.0154 0.0138 0.0164  70051695.3716142   181.8143  -107.3053    53.3441 0.0154 0.0138 0.0164  0.2916140
 70051710.0000000   188.4091   -99.1418    53.8437 0.0155 0.0139 0.0165  70051710.3740218   188.5105   -98.8425    53.7606 0.0155 0.0139 0.0165  0.2940220
 70051725.0000000   195.1598   -91.9288    52.7226 0.0154 0.0138 0.0164  70051725.3775079   195.3585   -92.0055    52.7157 0.0154 0.0138 0.0164  0.2975080
 70051740.0000000   203.1573   -82.5746    54.1669 0.0155 0.0139 0.0164  70051740.3824530   203.3262   -82.1247    54.1916 0.0155 0.0139 0.0164  0.3024530
 70051755.0000000   210.0798   -75.0764    52.7705 0.0154 0.0138 0.0164  70051755.3872590   210.3764   -75.0844    53.0204 0.0154 0.0138 0.0164  0.3072590
 70051770.0000000   220.4366   -67.9704    53.8484 0.0155 0.0139 0.0165  70051770.3973949   220.6773   -67.5563    53.7099 0.0155 0.0139 0.0165  0.3173950
 70051785.0000000   229.4309   -61.4629    53.3730 0.0154 0.0138 0.0164  70051785.4062250   229.8043   -61.1506    53.4115 0.0154 0.0138 0.0164  0.3262250
 70051845.0000000   265.3048   -33.8698    53.5958 0.0153 0.0138 0.0163  70051845.4455898   265.7214   -33.4679    53.8087 0.0153 0.0138 0.0163  0.3655900
 70051860.0000000   273.2420   -27.1041    53.4577 0.0155 0.0139 0.0165  70051860.4550810   273.6446   -26.9273    53.3614 0.0154 0.0139 0.0164  0.3750810
 70051905.0000000   294.6721    -6.7830    53.8557 0.0154 0.0138 0.0163  70051905.4813108   294.7472    -6.2294    53.7583 0.0154 0.0138 0.0164  0.4013110
 70051980.0000000   259.9521    24.2505    53.2785 0.0154 0.0139 0.0164  70051980.4368880   259.6661    24.4567    53.3883 0.0154 0.0139 0.0164  0.3568880
 70052010.0000000   249.6672    39.5881    53.3756 0.0155 0.0139 0.0165  70052010.4260399   249.5395    40.0312    53.3921 0.0155 0.0139 0.0164  0.3460400
 70052040.0000000   237.9272    54.9185    53.4305 0.0155 0.0139 0.0165  70052040.4147110   237.8459    55.0087    53.2498 0.0155 0.0139 0.0164  0.3347110
 70052055.0000000   231.7206    61.9345    54.1792 0.0154 0.0138 0.0163  70052055.4091518   231.3524    62.4488    54.0044 0.0154 0.0138 0.0163  0.3291520
 70052070.0000000   223.9423    68.1835    53.1595 0.0155 0.0139 0.0165  70052070.4014709   223.8182    68.3711    53.3984 0.0154 0.0138 0.0164  0.3214710
 70052085.0000000   216.8205    74.4529    53.3759 0.0154 0.0138 0.0163  70052085.3951778   216.5903    74.7631    53.5567 0.0154 0.0138 0.0163  0.3151780
 70052100.0000000   209.6752    81.5016    53.0376 0.0155 0.0139 0.0164  70052100.3895669   209.6831    81.4255    53.0328 0.0154 0.0138 0.0164  0.3095670
 70052115.0000000   205.1657    87.8267    53.6503 0.0154 0.0138 0.0163  70052115.3875139   205.1717    88.0840    53.6909 0.0154 0.0138 0.0163  0.3075140
 70052130.0000000   198.6820    94.4477    53.4828 0.0154 0.0138 0.0164  70052130.3833079   198.5245    94.7076    53.4704 0.0155 0.0138 0.0164  0.3033080
 70052145.0000000   193.8574   100.7326    53.4028 0.0153 0.0138 0.0163  70052145.3813798   193.8590   100.7947    53.5214 0.0154 0.0138 0.0163  0.3013800
 70052160.0000000   185.9826   106.7087    53.5625 0.0155 0.0138 0.0164  70052160.3759062   185.8293   106.7309    53.5600 0.0155 0.0139 0.0164  0.2959060
 70052175.0000000   178.9905   110.9884    53.0301 0.0153 0.0137 0.0163  70052175.3706791   178.6352   111.0126    53.0985 0.0153 0.0138 0.0163  0.2906790
 70052190.0000000   169.7604   116.6197    53.8868 0.0154 0.0138 0.0164  70052190.3650210   169.4252   116.8724    53.9708 0.0155 0.0139 0.0164  0.2850210
 70052205.0000000   161.7151   122.0360    53.3570 0.0153 0.0137 0.0163  70052205.3606200   161.5489   122.2683    53.4561 0.0153 0.0137 0.0163  0.2806200
 70052220.0000000   154.0822   128.1978    53.6493 0.0155 0.0139 0.0164  70052220.3579400   153.8872   128.5865    53.6669 0.0155 0.0138 0.0164  0.2779400
 70052235.0000000   147.3141   132.1831    53.1703 0.0154 0.0137 0.0163  70052235.3542948   147.1305   131.9925    53.1828 0.0154 0.0137 0.0163  0.2742950
 70052340.0000000    93.4847    96.1609    53.6356 0.0155 0.0138 0.0164  70052340.2733760    93.3591    96.0670    53.4669 0.0155 0.0139 0.0164  0.1933760
 70052355.0000000    88.1960    91.0401    53.2280 0.0153 0.0137 0.0163  70052355.2642338    88.1623    90.9966    53.2982 0.0154 0.0137 0.0163  0.1842340
 70052385.0000000    82.7012    72.7744    53.4028 0.0154 0.0137 0.0163  70052385.2440391    82.7688    72.7909    53.5933 0.0154 0.0138 0.0163  0.1640390
 70052400.0000000    89.8489    66.4113    53.1626 0.0155 0.0138 0.0164  70052400.2458520    90.0650    66.3051    53.2329 0.0155 0.0138 0.0164  0.1658520
 70052700.0000000   271.6263   124.2286    54.2709 0.0155 0.0138 0.0164  70052700.4865489   271.6228   124.1906    54.1764 0.0155 0.0138 0.0164  0.4065490
 70052910.0000000   218.6438    49.2322    53.0245 0.0153 0.0134 0.0160  70052910.3884108   218.7973    49.1860    53.2108 0.0153 0.0136 0.0161  0.3084110
 70053000.0000000   196.6565    -7.9904    53.3715 0.0152 0.0134 0.0160  70053000.3532019   196.7028    -8.3974    53.4114 0.0152 0.0134 0.0160  0.2732020
 70053015.0000000   195.8716   -18.2242    53.2880 0.0151 0.0132 0.0159  70053015.3530078   195.7276   -18.5742    52.9977 0.0151 0.0133 0.0159  0.2730080
 70053030.0000000   193.8101   -30.3343    53.0750 0.0153 0.0134 0.0160  70053030.3522441   193.8746   -30.8393    52.7399 0.0153 0.0134 0.0160  0.2722440
 70053045.0000000   192.6174   -44.2796    53.7726 0.0151 0.0133 0.0159  70053045.3542371   192.5034   -44.4350    53.6443 0.0151 0.0132 0.0159  0.2742370
 70053060.0000000   191.5375   -55.5470    53.2150 0.0153 0.0134 0.0160  70053060.3565018   191.4346   -55.8539    53.2339 0.0153 0.0134 0.0160  0.2765020
 70053075.0000000   187.0500   -66.8233    53.8343 0.0151 0.0133 0.0159  70053075.3555741   186.9116   -66.9893    53.7320 0.0151 0.0133 0.0159  0.2755740
 70053090.0000000   183.2927   -76.7954    53.7666 0.0152 0.0133 0.0160  70053090.3558071   183.2951   -77.0340    53.6913 0.0153 0.0133 0.0160  0.2758070
 70053105.0000000   179.5541   -85.5859    53.9224 0.0151 0.0132 0.0158  70053105.3561692   179.6443   -85.5708    53.9853 0.0152 0.0133 0.0159  0.2761690
 70053120.0000000   175.0850   -92.9512    53.3904 0.0153 0.0133 0.0160  70053120.3550558   175.0308   -93.1600    53.3199 0.0153 0.0133 0.0160  0.2750560
 70053135.0000000   169.1232  -102.1767    53.3849 0.0151 0.0132 0.0159  70053135.3542352   168.9776  -102.4074    53.4350 0.0151 0.0132 0.0159  0.2742350
 70053150.0000000   163.6838  -111.2336    53.6775 0.0153 0.0134 0.0160  70053150.3547902   163.4017  -111.5786    53.3203 0.0153 0.0134 0.0160  0.2747900
 70053165.0000000   159.2782  -120.0275    53.8274 0.0151 0.0132 0.0159  70053165.3566668   159.1607  -120.0046    53.8683 0.0152 0.0132 0.0159  0.2766670
 70053180.0000000   154.8632  -129.2359    53.6284 0.0153 0.0133 0.0160  70053180.3597512   154.7735  -129.5079    53.6869 0.0153 0.0133 0.0160  0.2797510
 70053195.0000000   151.8477  -139.7177    53.0784 0.0151 0.0132 0.0158  70053195.3654659   151.6536  -140.0243    52.8659 0.0152 0.0132 0.0159  0.2854660
 70053255.0000000   173.4583  -132.5873    53.4942 0.0152 0.0132 0.0159  70053255.3810608   173.5216  -132.4348    53.3896 0.0152 0.0132 0.0159  0.3010610
 70053285.0000000   179.4315  -114.0602    53.2703 0.0152 0.0132 0.0158  70053285.3738759   179.6726  -113.6832    53.4232 0.0152 0.0132 0.0159  0.2938760
 70053300.0000000   185.9854  -106.3223    53.1865 0.0153 0.0133 0.0160  70053300.3756979   186.1882  -106.2844    53.0409 0.0153 0.0133 0.0160  0.2956980
 70053315.0000000   193.4805   -99.5750    53.6594 0.0152 0.0132 0.0158  70053315.3801489   193.5253   -99.3866    53.7249 0.0152 0.0132 0.0159  0.3001490
 70053345.0000000   206.9834   -83.2343    53.0329 0.0152 0.0132 0.0159  70053345.3873460   207.2713   -83.1159    53.1817 0.0152 0.0132 0.0159  0.3073460
 70053360.0000000   212.4350   -75.6870    53.2808 0.0153 0.0133 0.0160  70053360.3904860   212.6095   -75.5061    53.3711 0.0153 0.0133 0.0160  0.3104860
 70053375.0000000   218.0329   -66.8311    54.0603 0.0152 0.0132 0.0159  70053375.3939590   218.2213   -66.3483    53.9095 0.0152 0.0132 0.0159  0.3139590
 70053390.0000000   224.4344   -59.9737    53.8118 0.0153 0.0133 0.0160  70053390.3996489   224.7605   -59.6581    53.7651 0.0153 0.0133 0.0160  0.3196490
 70053420.0000000   240.9306   -47.2020    54.1761 0.0165 0.0140 0.0171  70053420.4168169   241.3125   -46.5841    54.1255 0.0165 0.0140 0.0171  0.3368170
 70053435.0000000   248.3421   -40.1989    53.7376 0.0163 0.0139 0.0170  70053435.4247808   248.5384   -40.0218    53.8248 0.0164 0.0139 0.0170  0.3447810
 70053450.0000000   252.2963   -35.1519    53.5078 0.0165 0.0140 0.0172  70053450.4288249   252.4304   -35.0037    53.3318 0.0165 0.0140 0.0172  0.3488250
 70053465.0000000   258.3962   -26.8360    53.5723 0.0163 0.0139 0.0170  70053465.4353118   258.5454   -26.5547    53.7995 0.0163 0.0139 0.0170  0.3553120
 70053480.0000000   262.4468   -16.8341    53.1361 0.0166 0.0140 0.0172  70053480.4395041   262.5860   -16.8306    52.9764 0.0165 0.0141 0.0171  0.3595040
 70053525.0000000   283.0270     5.6118    52.7611 0.0163 0.0139 0.0170  70053525.4656458   282.9247     5.7183    52.9392 0.0164 0.0139 0.0170  0.3856460
 70053540.0000000   280.1275    12.4935    53.3706 0.0165 0.0140 0.0171  70053540.4623420   280.1401    12.7489    53.4553 0.0165 0.0140 0.0171  0.3823420
 70053585.0000000   260.3961    27.1333    53.8501 0.0164 0.0138 0.0169  70053585.4378150   260.1374    27.3629    53.8082 0.0163 0.0138 0.0169  0.3578150
 70053600.0000000   254.8076    33.9309    53.1783 0.0165 0.0140 0.0171  70053600.4314458   254.4634    34.2175    53.1862 0.0165 0.0140 0.0171  0.3514460
 70053660.0000000   229.3538    60.1383    53.1989 0.0165 0.0139 0.0171  70053660.4053509   229.2949    59.9870    53.1647 0.0165 0.0139 0.0171  0.3253510
 70053675.0000000   223.3198    66.9427    53.0236 0.0164 0.0138 0.0169  70053675.4002049   223.1735    66.8915    52.9477 0.0163 0.0138 0.0169  0.3202050
 70053720.0000000   201.9053    85.0806    53.0032 0.0165 0.0139 0.0171  70053720.3818128   201.7509    85.0468    52.9169 0.0165 0.0139 0.0171  0.3018130
 70053735.0000000   194.1838    90.1570    54.1360 0.0163 0.0138 0.0169  70053735.3757198   193.9463    90.4698    54.1102 0.0164 0.0138 0.0169  0.2957200
 70053750.0000000   190.0683    95.3796    53.3947 0.0165 0.0139 0.0171  70053750.3735578   189.8805    95.4418    53.2769 0.0165 0.0139 0.0171  0.2935580
 70053780.0000000   178.5917   108.5574    53.5265 0.0165 0.0140 0.0171  70053780.3689201   178.3501   108.5686    53.2999 0.0166 0.0140 0.0171  0.2889200
 70053795.0000000   171.3649   112.3431    53.6405 0.0163 0.0137 0.0169  70053795.3636370   171.1055   112.4553    53.6329 0.0163 0.0137 0.0169  0.2836370
 70053810.0000000   165.0702   118.8645    53.5292 0.0165 0.0139 0.0170  70053810.3617840   165.0011   118.9074    53.5041 0.0165 0.0138 0.0170  0.2817840
 70053825.0000000   161.4139   123.0813    53.2559 0.0163 0.0137 0.0168  70053825.3613229   161.3868   123.2401    53.1112 0.0163 0.0137 0.0168  0.2813230
 70053855.0000000   148.6294   136.7804    53.9082 0.0163 0.0137 0.0168  70053855.3599362   148.3855   136.9903    53.6322 0.0163 0.0137 0.0168  0.2799360
 70053945.0000000   109.6524   116.2022    53.1336 0.0163 0.0136 0.0168  70053945.3054860   109.6032   116.0361    53.2213 0.0163 0.0137 0.0168  0.2254860
 70053990.0000000    92.8716   100.3071    53.3103 0.0164 0.0137 0.0169  70053990.2765620    92.7778   100.1319    53.3528 0.0164 0.0138 0.0169  0.1965620
 70054020.0000000    83.5811    85.0456    53.7831 0.0164 0.0138 0.0169  70054020.2552829    83.5012    85.1204    53.9068 0.0164 0.0138 0.0169  0.1752830
 70054065.0000000    68.3430    66.1653    53.2622 0.0162 0.0135 0.0167  70054065.2260358    68.3319    66.0382    53.2174 0.0162 0.0136 0.0167  0.1460360
 70054080.0000000    65.2640    60.6517    53.8998 0.0164 0.0137 0.0169  70054080.2196081    65.2458    60.6858    54.0473 0.0164 0.0137 0.0169  0.1396080
 70054095.0000000    58.6705    56.3458    53.3568 0.0162 0.0135 0.0167  70054095.2101691    58.5748    56.2221    53.1678 0.0162 0.0135 0.0167  0.1301690
 70054110.0000000    52.3331    50.7690    54.0372 0.0164 0.0137 0.0169  70054110.2016768    52.2536    50.8312    54.1238 0.0164 0.0137 0.0168  0.1216770
 70054125.0000000    46.3545    46.7521    52.9148 0.0148 0.0127 0.0152  70054125.1930692    46.2197    46.5728    52.8848 0.0148 0.0127 0.0153  0.1130690
 70054140.0000000    40.0678    42.8581    53.2193 0.0150 0.0128 0.0154  70054140.1860619    40.0461    42.7467    53.1610 0.0150 0.0128 0.0154  0.1060620
 70054155.0000000    34.3409    36.7421    53.1335 0.0148 0.0126 0.0152  70054155.1779740    34.3096    36.6217    53.1463 0.0148 0.0126 0.0152  0.0979740
 70054170.0000000    28.6860    30.2513    53.6729 0.0149 0.0127 0.0153  70054170.1709402    28.5965    30.1585    53.5863 0.0150 0.0127 0.0153  0.0909400
 70054185.0000000    22.9358    21.1838    52.5616 0.0149 0.0126 0.0152  70054185.1620119    22.8781    21.0860    52.7613 0.0149 0.0127 0.0152  0.0820120
