# time0_transmit N0 E0 U0 sigN0 sigE0 sigU0 time1_receive N1 E1 U1 sigN1 sigE1 sigU1 TWTT(s)
# transmit/receive times in seconds after 2020-1-1 00:00:00 (UTC)
# Topocentric coordinates: Lat0=32.8668445 deg., Lon0=-117.2701205 deg., H0=-88.738 m 
 51911152.0000000    58.4085   -82.0519    53.5673 0.0164 0.0141 0.0167  51911152.3520091    58.6337   -81.6348    53.8300 0.0163 0.0142 0.0167  0.1520090
 51911162.0000000    64.4376   -75.8015    53.7079 0.0163 0.0141 0.0167  51911162.3506558    64.6564   -75.5904    53.6260 0.0163 0.0141 0.0167  0.1506560
 51911172.0000000    68.8721   -70.7535    53.7093 0.0162 0.0140 0.0166  51911172.3497221    69.0220   -70.5162    53.6174 0.0163 0.0140 0.0166  0.1497220
 51911182.0000000    74.2813   -65.4079    53.5783 0.0163 0.0141 0.0167  51911182.3499482    74.3605   -65.2189    53.5131 0.0163 0.0141 0.0167  0.1499480
 51911192.0000000    79.2074   -60.9003    53.3921 0.0163 0.0141 0.0167  51911192.3510318    79.4034   -60.8356    53.3408 0.0163 0.0141 0.0167  0.1510320
 51911202.0000000    84.4415   -56.1369    53.6891 0.0163 0.0140 0.0166  51911202.3528240    84.5705   -55.8282    53.7573 0.0163 0.0140 0.0166  0.1528240
 51911212.0000000    89.7344   -50.8106    53.5304 0.0163 0.0141 0.0167  51911212.3548279    89.9197   -50.6150    53.5641 0.0164 0.0141 0.0167  0.1548280
 51911222.0000000    94.8328   -46.4973    53.5542 0.0164 0.0141 0.0167  51911222.3578160    94.9981   -46.3009    53.6813 0.0163 0.0141 0.0167  0.1578160
 51911232.0000000   100.6921   -41.2923    53.5087 0.0163 0.0140 0.0166  51911232.3615980   100.9110   -41.0227    53.4741 0.0163 0.0140 0.0166  0.1615980
 51911262.0000000   119.6555   -28.1701    53.7868 0.0163 0.0140 0.0166  51911262.3789601   119.8568   -27.9722    53.7292 0.0163 0.0140 0.0167  0.1789600
 51911272.0000000   125.6234   -25.5175    53.4156 0.0164 0.0141 0.0167  51911272.3852050   125.8215   -25.3910    53.4715 0.0164 0.0141 0.0167  0.1852050
 51911282.0000000   131.2449   -21.9045    53.4596 0.0164 0.0141 0.0167  51911282.3913000   131.4081   -21.8337    53.5173 0.0164 0.0141 0.0167  0.1913000
 51911292.0000000   135.5122   -16.5817    53.7596 0.0163 0.0140 0.0167  51911292.3959191   135.6722   -16.2437    53.8220 0.0163 0.0140 0.0166  0.1959190
 51911302.0000000   136.8448    -9.5879    53.7487 0.0164 0.0141 0.0167  51911302.3961971   136.7098    -9.0154    53.7348 0.0164 0.0141 0.0167  0.1961970
 51911312.0000000   131.8548    -3.4620    53.8094 0.0164 0.0141 0.0167  51911312.3895392   131.5300    -3.0422    53.7189 0.0164 0.0141 0.0167  0.1895390
 51911322.0000000   125.0455     1.2719    53.6202 0.0163 0.0141 0.0167  51911322.3810580   124.6991     1.5165    53.5902 0.0163 0.0140 0.0167  0.1810580
 51911332.0000000   118.5866     5.5527    53.7843 0.0164 0.0141 0.0167  51911332.3735349   118.3711     5.8759    53.8280 0.0164 0.0141 0.0167  0.1735350
 51911342.0000000   112.3441    10.2798    53.4630 0.0164 0.0141 0.0167  51911342.3662570   112.1247    10.3645    53.4532 0.0164 0.0141 0.0167  0.1662570
 51911352.0000000   105.9314    15.4645    53.3943 0.0163 0.0141 0.0167  51911352.3592689   105.6525    15.5313    53.3327 0.0163 0.0141 0.0167  0.1592690
 51911362.0000000    99.3891    20.3055    53.6961 0.0178 0.0151 0.0183  51911362.3527789    99.1100    20.5500    53.5427 0.0178 0.0151 0.0183  0.1527790
 51911372.0000000    93.6306    25.3509    53.5499 0.0164 0.0141 0.0168  51911372.3475981    93.4581    25.5641    53.5454 0.0164 0.0141 0.0168  0.1475980
 51911382.0000000    88.3827    30.8437    53.5374 0.0163 0.0141 0.0167  51911382.3436182    88.1468    31.1377    53.4521 0.0163 0.0141 0.0167  0.1436180
 51911392.0000000    83.0699    36.8198    53.6639 0.0164 0.0141 0.0168  51911392.3405991    82.8417    37.1417    53.6494 0.0164 0.0141 0.0168  0.1405990
 51911402.0000000    77.7092    42.8740    53.5826 0.0164 0.0141 0.0168  51911402.3382280    77.6154    43.0953    53.6611 0.0164 0.0141 0.0168  0.1382280
 51911412.0000000    72.5074    49.6932    53.4974 0.0163 0.0141 0.0167  51911412.3371789    72.3760    49.8930    53.4679 0.0164 0.0141 0.0167  0.1371790
 51911422.0000000    67.9890    56.6757    53.4409 0.0164 0.0142 0.0168  51911422.3378320    67.8315    56.8957    53.3432 0.0165 0.0142 0.0168  0.1378320
 51911432.0000000    63.9519    63.7059    53.6255 0.0164 0.0141 0.0168  51911432.3399248    63.6716    64.0361    53.4856 0.0165 0.0142 0.0168  0.1399250
 51911442.0000000    60.0081    71.9848    53.4241 0.0164 0.0141 0.0167  51911442.3437178    59.8671    72.0991    53.5297 0.0164 0.0141 0.0167  0.1437180
 51911452.0000000    54.0218    78.3050    53.4595 0.0169 0.0147 0.0174  51911452.3454282    53.7489    78.4434    53.3927 0.0169 0.0147 0.0174  0.1454280
 51911462.0000000    48.2057    82.2622    53.4890 0.0164 0.0141 0.0168  51911462.3458240    48.0156    82.4831    53.6140 0.0164 0.0141 0.0168  0.1458240
 51911472.0000000    41.6886    87.1744    53.4194 0.0164 0.0141 0.0167  51911472.3471279    41.5333    87.2289    53.4096 0.0164 0.0141 0.0168  0.1471280
 51911482.0000000    35.3423    91.5371    53.5781 0.0164 0.0141 0.0168  51911482.3490219    35.1694    91.6876    53.5214 0.0164 0.0141 0.0168  0.1490220
 51911492.0000000    29.4395    96.0446    53.6528 0.0165 0.0142 0.0168  51911492.3517518    29.1937    96.2126    53.6267 0.0165 0.0142 0.0168  0.1517520
 51911502.0000000    23.7231   100.5853    53.4692 0.0164 0.0141 0.0168  51911502.3551090    23.4299   100.8172    53.4410 0.0164 0.0141 0.0167  0.1551090
 51911522.0000000    10.5786   110.6338    53.5618 0.0165 0.0142 0.0168  51911522.3649402    10.4148   110.7508    53.6656 0.0165 0.0142 0.0168  0.1649400
 51911532.0000000     3.5782   116.5165    53.4631 0.0164 0.0141 0.0168  51911532.3711128     3.3677   116.5264    53.5568 0.0164 0.0141 0.0168  0.1711130
 51911542.0000000    -2.3954   121.3927    53.5847 0.0165 0.0142 0.0168  51911542.3770909    -2.6668   121.6125    53.5375 0.0165 0.0142 0.0169  0.1770910
 51911552.0000000    -8.6937   125.3780    53.5738 0.0165 0.0142 0.0169  51911552.3821139    -9.0149   125.4258    53.5341 0.0165 0.0142 0.0169  0.1821140
 51911562.0000000   -16.6944   123.0267    53.8191 0.0164 0.0141 0.0168  51911562.3803022   -17.0148   122.9709    53.9092 0.0164 0.0141 0.0168  0.1803020
 51911572.0000000   -22.4561   116.9289    53.5028 0.0165 0.0142 0.0169  51911572.3737898   -22.5499   116.6819    53.5624 0.0165 0.0142 0.0169  0.1737900
 51911582.0000000   -26.9546   110.7252    53.4446 0.0165 0.0142 0.0169  51911582.3675220   -27.1065   110.4573    53.2633 0.0165 0.0142 0.0169  0.1675220
 51911592.0000000   -30.8044   105.0832    53.6368 0.0165 0.0141 0.0169  51911592.3625331   -30.9731   105.0246    53.8212 0.0165 0.0141 0.0168  0.1625330
 51911602.0000000   -34.3311    99.4481    53.4207 0.0165 0.0142 0.0169  51911602.3571229   -34.4803    99.1733    53.4928 0.0165 0.0142 0.0169  0.1571230
 51911612.0000000   -38.3157    93.9156    53.4567 0.0165 0.0142 0.0169  51911612.3527458   -38.5551    93.8134    53.4191 0.0165 0.0142 0.0169  0.1527460
 51911622.0000000   -43.9160    89.0925    53.5311 0.0165 0.0141 0.0168  51911622.3502548   -44.1527    88.8596    53.4250 0.0165 0.0141 0.0168  0.1502550
 51911632.0000000   -49.7730    84.5090    53.4709 0.0165 0.0142 0.0169  51911632.3487892   -50.0215    84.2781    53.4561 0.0165 0.0142 0.0169  0.1487890
 51911642.0000000   -55.8499    79.5235    53.5184 0.0165 0.0142 0.0169  51911642.3478148   -56.0680    79.3111    53.7087 0.0166 0.0142 0.0169  0.1478150
 51911652.0000000   -61.8929    74.2722    53.4291 0.0165 0.0142 0.0168  51911652.3472271   -62.1322    74.1344    53.5177 0.0165 0.0142 0.0169  0.1472270
 51911662.0000000   -67.9164    69.5401    53.5697 0.0165 0.0142 0.0169  51911662.3479459   -68.1926    69.4333    53.5908 0.0165 0.0142 0.0169  0.1479460
 51911672.0000000   -73.7397    64.7306    53.5656 0.0166 0.0142 0.0169  51911672.3490169   -73.9883    64.5360    53.6203 0.0166 0.0142 0.0169  0.1490170
 51911682.0000000   -79.5086    60.0833    53.5270 0.0165 0.0142 0.0169  51911682.3506682   -79.6890    59.7747    53.4522 0.0166 0.0142 0.0169  0.1506680
 51911693.0000000   -86.6485    54.2650    53.4574 0.0166 0.0143 0.0170  51911693.3537798   -86.8598    54.0754    53.4927 0.0166 0.0143 0.0170  0.1537800
 51911702.0000000   -91.7931    50.7625    53.4482 0.0166 0.0143 0.0170  51911702.3569548   -91.9581    50.6437    53.5032 0.0166 0.0142 0.0170  0.1569550
 51911712.0000000   -98.1931    45.9052    53.3537 0.0166 0.0143 0.0169  51911712.3611460   -98.4530    45.7710    53.5325 0.0165 0.0142 0.0169  0.1611460
 51911722.0000000  -104.9852    41.3521    53.5711 0.0166 0.0143 0.0170  51911722.3665109  -105.2604    41.1379    53.4423 0.0166 0.0143 0.0170  0.1665110
 51911732.0000000  -111.0971    36.2826    53.6377 0.0166 0.0143 0.0170  51911732.3714149  -111.2807    36.0270    53.4758 0.0166 0.0143 0.0170  0.1714150
 51911742.0000000  -115.5226    29.2285    53.6864 0.0166 0.0143 0.0169  51911742.3742621  -115.7802    28.9903    53.4755 0.0166 0.0142 0.0169  0.1742620
 51911752.0000000  -120.0936    22.8098    53.3495 0.0167 0.0144 0.0171  51911752.3776870  -120.1352    22.3031    53.2096 0.0167 0.0144 0.0171  0.1776870
 51911762.0000000  -124.4457    16.3812    53.4861 0.0166 0.0143 0.0170  51911762.3819218  -124.6259    16.1541    53.4956 0.0166 0.0143 0.0170  0.1819220
 51911772.0000000  -128.6682    10.0821    53.7402 0.0179 0.0151 0.0183  51911772.3863900  -128.8266     9.9243    53.8231 0.0179 0.0151 0.0183  0.1863900
 51911782.0000000  -132.9051     4.0464    53.3295 0.0180 0.0152 0.0184  51911782.3909719  -132.9774     3.7495    53.4390 0.0180 0.0152 0.0184  0.1909720
 51911792.0000000  -135.8286    -3.1480    53.5477 0.0180 0.0152 0.0184  51911792.3946638  -135.9103    -3.3395    53.6949 0.0180 0.0152 0.0184  0.1946640
 51911803.0000000  -134.5157    -9.6779    53.6261 0.0180 0.0151 0.0183  51911803.3931499  -134.3886   -10.0760    53.2030 0.0179 0.0151 0.0183  0.1931500
 51911822.0000000  -126.5474   -18.7087    53.4419 0.0180 0.0152 0.0184  51911822.3846698  -126.4509   -18.8366    53.5403 0.0180 0.0152 0.0184  0.1846700
 51911832.0000000  -121.4671   -22.2165    53.6536 0.0179 0.0151 0.0183  51911832.3791599  -121.1711   -22.2880    53.5089 0.0179 0.0151 0.0183  0.1791600
 51911842.0000000  -117.6588   -26.2911    53.6734 0.0180 0.0152 0.0184  51911842.3757339  -117.5242   -26.3625    53.7243 0.0180 0.0152 0.0184  0.1757340
 51911853.0000000  -113.9164   -32.1119    53.7894 0.0180 0.0152 0.0184  51911853.3730600  -113.7288   -32.2870    53.6339 0.0180 0.0152 0.0184  0.1730600
 51911863.0000000  -110.3774   -38.0927    53.3302 0.0179 0.0151 0.0183  51911863.3709769  -110.1778   -38.2883    53.4422 0.0179 0.0151 0.0183  0.1709770
 51911873.0000000  -107.0900   -43.3696    53.6539 0.0180 0.0152 0.0184  51911873.3697140  -106.9711   -43.5710    53.7160 0.0180 0.0152 0.0184  0.1697140
 51911883.0000000  -103.7850   -48.6077    53.6220 0.0180 0.0152 0.0184  51911883.3685298  -103.6002   -48.8269    53.6287 0.0180 0.0152 0.0184  0.1685300
 51911893.0000000  -100.4763   -53.9158    53.4283 0.0179 0.0151 0.0183  51911893.3677492  -100.3004   -54.1412    53.4884 0.0179 0.0151 0.0183  0.1677490
 51911903.0000000   -97.3095   -58.2519    53.2754 0.0180 0.0152 0.0184  51911903.3669989   -97.2904   -58.3378    53.4546 0.0180 0.0152 0.0184  0.1669990
 51911913.0000000   -93.1730   -62.5172    53.5090 0.0180 0.0152 0.0184  51911913.3655388   -92.9782   -62.6326    53.5474 0.0180 0.0152 0.0184  0.1655390
 51911923.0000000   -88.4571   -67.0520    53.6356 0.0180 0.0152 0.0184  51911923.3640869   -88.1822   -67.2804    53.3394 0.0179 0.0152 0.0184  0.1640870
 51911933.0000000   -83.4488   -70.6550    53.3525 0.0181 0.0153 0.0185  51911933.3621240   -83.2686   -70.9556    53.3500 0.0180 0.0152 0.0184  0.1621240
 51911943.0000000   -77.8670   -74.0345    53.6669 0.0180 0.0152 0.0184  51911943.3598752   -77.6680   -74.1369    53.4213 0.0181 0.0154 0.0186  0.1598750
 51911953.0000000   -72.7474   -77.9227    53.3364 0.0180 0.0152 0.0184  51911953.3587999   -72.4562   -78.0952    53.4228 0.0180 0.0152 0.0184  0.1588000
 51911963.0000000   -67.7561   -81.7347    53.5583 0.0180 0.0152 0.0184  51911963.3583832   -67.4840   -81.9258    53.5355 0.0180 0.0152 0.0184  0.1583830
 51911973.0000000   -61.9030   -85.9504    53.6481 0.0180 0.0152 0.0184  51911973.3581460   -61.6242   -86.0884    53.6331 0.0180 0.0152 0.0184  0.1581460
 51911983.0000000   -56.8758   -89.8342    53.5725 0.0180 0.0152 0.0184  51911983.3586278   -56.6913   -89.9818    53.5066 0.0180 0.0152 0.0184  0.1586280
 51911993.0000000   -53.2361   -93.8794    53.3835 0.0180 0.0152 0.0185  51911993.3604448   -53.1438   -93.8949    53.5357 0.0180 0.0152 0.0184  0.1604450
 51912003.0000000   -49.6897   -98.1168    53.3117 0.0180 0.0152 0.0185  51912003.3629401   -49.5334   -98.3075    53.4560 0.0180 0.0152 0.0185  0.1629400
 51912013.0000000   -45.3043  -102.5255    53.8524 0.0180 0.0152 0.0184  51912013.3655469   -45.0456  -102.5332    53.7045 0.0180 0.0152 0.0184  0.1655470
 51912023.0000000   -40.0384  -107.4425    53.4875 0.0181 0.0152 0.0185  51912023.3686891   -39.8808  -107.6844    53.5785 0.0181 0.0153 0.0185  0.1686890
 51912033.0000000   -35.1829  -111.2377    53.3514 0.0180 0.0152 0.0185  51912033.3710108   -34.9583  -111.4406    53.4168 0.0180 0.0152 0.0185  0.1710110
 51912043.0000000   -30.5418  -114.7178    53.5590 0.0180 0.0152 0.0184  51912043.3734539   -30.2367  -114.7856    53.3853 0.0180 0.0152 0.0184  0.1734540
 51912053.0000000   -24.5785  -118.2900    53.6692 0.0180 0.0153 0.0185  51912053.3762078   -24.3243  -118.4752    53.6707 0.0181 0.0152 0.0185  0.1762080
 51912073.0000000   -19.1951  -128.9116    53.4858 0.0180 0.0152 0.0184  51912073.3882859   -19.0046  -129.1759    53.5135 0.0180 0.0152 0.0184  0.1882860
 51912083.0000000   -16.9554  -134.4503    53.3770 0.0181 0.0153 0.0185  51912083.3945608   -16.9114  -134.5947    53.6477 0.0181 0.0153 0.0185  0.1945610
 51912093.0000000   -15.3341  -139.8844    53.6380 0.0181 0.0153 0.0185  51912093.4009600   -15.2128  -140.1996    53.3122 0.0180 0.0152 0.0185  0.2009600
 51912103.0000000   -11.1820  -144.4859    53.2906 0.0180 0.0152 0.0184  51912103.4057872   -10.9773  -144.6493    53.2642 0.0180 0.0153 0.0185  0.2057870
 51912113.0000000    -4.5838  -142.9153    53.3860 0.0181 0.0153 0.0185  51912113.4033148    -4.3825  -142.8889    53.4940 0.0181 0.0153 0.0185  0.2033150
 51912123.0000000     1.7196  -138.8592    53.5149 0.0181 0.0153 0.0185  51912123.3981450     2.0877  -138.7238    53.4548 0.0181 0.0153 0.0185  0.1981450
 51912133.0000000     8.4732  -134.4907    53.3941 0.0180 0.0152 0.0184  51912133.3930769     8.7176  -134.4471    53.3751 0.0180 0.0152 0.0184  0.1930770
 51912143.0000000    14.5365  -130.9343    53.6542 0.0181 0.0153 0.0185  51912143.3892908    14.8104  -130.6478    53.5791 0.0181 0.0153 0.0186  0.1892910
 51912153.0000000    20.8961  -127.7852    53.4345 0.0181 0.0153 0.0185  51912153.3865929    21.0530  -127.6587    53.5315 0.0181 0.0153 0.0185  0.1865930
 51912163.0000000    27.0886  -124.4750    53.4982 0.0180 0.0152 0.0185  51912163.3839850    27.4420  -124.2918    53.4460 0.0180 0.0152 0.0185  0.1839850
 51912173.0000000    33.3837  -121.0445    53.3968 0.0181 0.0153 0.0185  51912173.3817759    33.5103  -121.0076    53.3762 0.0181 0.0153 0.0185  0.1817760
 51912183.0000000    39.8756  -117.1944    53.4514 0.0181 0.0153 0.0185  51912183.3795631    40.0716  -116.9807    53.4731 0.0181 0.0153 0.0185  0.1795630
 51912193.0000000    42.9498  -110.1541    53.6191 0.0180 0.0153 0.0185  51912193.3727038    43.1164  -109.7804    53.5133 0.0181 0.0152 0.0185  0.1727040
 51912203.0000000    46.3107  -102.9507    53.3965 0.0181 0.0153 0.0185  51912203.3662531    46.3577  -102.7501    53.4053 0.0181 0.0153 0.0185  0.1662530
 51912213.0000000    49.4068   -96.1834    53.5842 0.0181 0.0153 0.0185  51912213.3605821    49.5231   -95.9169    53.4742 0.0182 0.0153 0.0186  0.1605820
 51912223.0000000    52.9505   -89.1494    53.4615 0.0181 0.0152 0.0185  51912223.3553519    53.1262   -89.0376    53.3536 0.0181 0.0152 0.0185  0.1553520
 51912233.0000000    57.5063   -82.0416    53.4623 0.0181 0.0153 0.0186  51912233.3512282    57.6077   -81.8194    53.5275 0.0181 0.0153 0.0186  0.1512280
 51912243.0000000    62.1685   -75.9183    53.4741 0.0181 0.0153 0.0186  51912243.3488288    62.2650   -75.6991    53.4944 0.0181 0.0153 0.0186  0.1488290
 51912253.0000000    67.2669   -70.5777    53.4438 0.0180 0.0152 0.0185  51912253.3481388    67.4003   -70.3983    53.5181 0.0181 0.0152 0.0185  0.1481390
 51912263.0000000    72.4676   -66.0903    53.6375 0.0181 0.0153 0.0186  51912263.3488359    72.6850   -65.7743    53.5605 0.0181 0.0153 0.0186  0.1488360
 51912273.0000000    78.4570   -61.2485    53.1531 0.0181 0.0153 0.0186  51912273.3504291    78.6923   -61.2116    53.2024 0.0181 0.0153 0.0186  0.1504290
 51912283.0000000    84.7826   -56.6988    53.5446 0.0181 0.0153 0.0185  51912283.3534670    85.0836   -56.5800    53.3842 0.0181 0.0153 0.0185  0.1534670
 51912293.0000000    90.9922   -52.9591    53.8008 0.0182 0.0153 0.0186  51912293.3574479    91.2164   -52.7177    53.8643 0.0182 0.0153 0.0186  0.1574480
 51912313.0000000   103.3676   -45.7265    53.3971 0.0181 0.0153 0.0185  51912313.3668599   103.6089   -45.6734    53.4519 0.0181 0.0153 0.0185  0.1668600
 51912323.0000000   109.2823   -42.8946    53.4039 0.0181 0.0153 0.0186  51912323.3720658   109.4295   -42.8411    53.5426 0.0182 0.0153 0.0186  0.1720660
 51912333.0000000   115.9147   -39.1321    53.5629 0.0182 0.0153 0.0186  51912333.3779340   116.1539   -38.8945    53.5779 0.0181 0.0153 0.0186  0.1779340
 51912343.0000000   119.8429   -32.8147    53.8777 0.0181 0.0154 0.0186  51912343.3802488   119.7549   -32.4223    53.9086 0.0181 0.0153 0.0185  0.1802490
 51912353.0000000   122.4757   -24.9107    53.3637 0.0182 0.0153 0.0186  51912353.3810210   122.5706   -24.6209    53.2937 0.0182 0.0153 0.0186  0.1810210
 51912363.0000000   126.3595   -16.8250    53.3897 0.0182 0.0153 0.0186  51912363.3841548   126.5079   -16.5964    53.4225 0.0182 0.0154 0.0186  0.1841550
 51912383.0000000   131.7186    -2.3217    53.5590 0.0182 0.0153 0.0186  51912383.3893111   131.5219    -2.1286    53.4959 0.0182 0.0153 0.0186  0.1893110
 51912393.0000000   127.1635     2.9876    53.4921 0.0182 0.0153 0.0186  51912393.3836198   126.9242     3.1718    53.4923 0.0182 0.0153 0.0186  0.1836200
 51912403.0000000   120.0856     7.5687    53.4876 0.0181 0.0153 0.0186  51912403.3752582   119.8443     7.7423    53.4800 0.0181 0.0153 0.0186  0.1752580
 51912413.0000000   114.9490    13.7893    53.7569 0.0182 0.0154 0.0186  51912413.3697829   114.5609    14.4309    53.6018 0.0182 0.0154 0.0187  0.1697830
 51912423.0000000   108.9552    21.4468    53.5264 0.0182 0.0153 0.0186  51912423.3641210   108.7403    21.6996    53.4317 0.0182 0.0154 0.0186  0.1641210
 51912433.0000000   104.9191    27.8438    53.3255 0.0182 0.0153 0.0186  51912433.3611140   104.7687    28.0157    53.3505 0.0181 0.0153 0.0186  0.1611140
 51912443.0000000   101.5455    34.2521    53.3505 0.0182 0.0154 0.0187  51912443.3594472   101.4064    34.3332    53.4176 0.0182 0.0154 0.0187  0.1594470
 51912453.0000000    97.6642    41.3986    53.4802 0.0182 0.0154 0.0187  51912453.3582199    97.5608    41.6241    53.3699 0.0182 0.0154 0.0187  0.1582200
 51912463.0000000    90.9888    46.4001    53.6079 0.0181 0.0153 0.0186  51912463.3534932    90.6566    46.5406    53.6109 0.0181 0.0153 0.0186  0.1534930
 51912473.0000000    83.4524    50.3040    53.3646 0.0182 0.0154 0.0187  51912473.3478858    83.1715    50.3625    53.4241 0.0182 0.0154 0.0187  0.1478860
 51912483.0000000    75.8059    54.8610    53.4187 0.0182 0.0154 0.0187  51912483.3433938    75.4437    55.0344    53.2978 0.0182 0.0154 0.0187  0.1433940
 51912493.0000000    67.5717    59.6584    53.6866 0.0181 0.0153 0.0186  51912493.3397052    67.2933    59.8176    53.6623 0.0182 0.0153 0.0186  0.1397050
 51912503.0000000    60.3746    64.2372    53.4157 0.0182 0.0154 0.0187  51912503.3373318    60.2201    64.2669    53.5253 0.0182 0.0154 0.0187  0.1373320
 51912513.0000000    54.0143    68.7091    53.5153 0.0182 0.0154 0.0187  51912513.3366079    53.8580    68.8706    53.5625 0.0182 0.0154 0.0187  0.1366080
 51912523.0000000    48.1975    73.4780    53.4501 0.0182 0.0153 0.0186  51912523.3371220    48.0340    73.6836    53.5007 0.0182 0.0153 0.0186  0.1371220
 51912533.0000000    42.5649    78.7775    53.4431 0.0182 0.0154 0.0187  51912533.3389151    42.3990    78.8751    53.5235 0.0182 0.0154 0.0187  0.1389150
 51912543.0000000    36.5440    85.0200    53.3612 0.0182 0.0154 0.0187  51912543.3423829    36.3530    85.1976    53.3989 0.0182 0.0154 0.0187  0.1423830
 51912553.0000000    31.0918    90.5375    53.4222 0.0182 0.0153 0.0186  51912553.3461180    30.8867    90.7493    53.5192 0.0182 0.0153 0.0186  0.1461180
 51912563.0000000    25.8989    96.7264    53.5137 0.0182 0.0154 0.0187  51912563.3515160    25.6936    96.9723    53.3771 0.0183 0.0154 0.0187  0.1515160
 51912573.0000000    20.9145   102.8526    53.5788 0.0182 0.0154 0.0187  51912573.3570890    20.7010   103.1560    53.6665 0.0182 0.0154 0.0187  0.1570890
 51912583.0000000    15.8163   109.8146    53.5325 0.0182 0.0154 0.0187  51912583.3643010    15.6348   110.0529    53.6202 0.0182 0.0154 0.0187  0.1643010
 51912593.0000000    11.8166   116.0663    53.5312 0.0183 0.0154 0.0187  51912593.3711591    11.6205   116.3482    53.6475 0.0183 0.0154 0.0187  0.1711590
 51912603.0000000     8.0699   123.0444    53.5602 0.0183 0.0154 0.0187  51912603.3792038     8.0273   123.2478    53.6003 0.0183 0.0154 0.0187  0.1792040
 51912613.0000000     4.5551   129.2673    53.6283 0.0182 0.0154 0.0187  51912613.3867481     4.3601   129.5631    53.6031 0.0182 0.0154 0.0187  0.1867480
 51912623.0000000    -1.4091   131.5810    53.3599 0.0184 0.0154 0.0188  51912623.3892510    -1.6199   131.7004    53.5663 0.0183 0.0155 0.0188  0.1892510
 51912633.0000000    -9.7643   128.9821    53.4185 0.0183 0.0154 0.0188  51912633.3863070    -9.9097   128.8132    53.5060 0.0183 0.0155 0.0188  0.1863070
 51912643.0000000   -15.4921   123.5571    53.5352 0.0182 0.0154 0.0187  51912643.3804481   -15.6600   123.3893    53.5772 0.0182 0.0154 0.0187  0.1804480
 51912653.0000000   -20.9518   118.1331    53.5504 0.0183 0.0155 0.0188  51912653.3749642   -21.1794   118.0058    53.6323 0.0183 0.0154 0.0188  0.1749640
 51912663.0000000   -26.1338   113.1439    53.4002 0.0183 0.0155 0.0188  51912663.3701742   -26.4199   112.9892    53.4670 0.0183 0.0155 0.0188  0.1701740
 51912673.0000000   -31.0953   108.4683    53.6296 0.0182 0.0154 0.0187  51912673.3663800   -31.2716   108.4492    53.5853 0.0182 0.0154 0.0187  0.1663800
 51912683.0000000   -36.4226   103.1853    53.5265 0.0183 0.0155 0.0188  51912683.3621781   -36.6709   103.0025    53.5151 0.0183 0.0155 0.0188  0.1621780
 51912693.0000000   -41.9117    98.5997    53.2273 0.0184 0.0155 0.0188  51912693.3593838   -42.0880    98.4427    53.5401 0.0183 0.0154 0.0188  0.1593840
 51912703.0000000   -47.9087    93.6203    53.4511 0.0182 0.0154 0.0187  51912703.3570278   -48.1390    93.3550    53.3891 0.0182 0.0154 0.0187  0.1570280
 51912713.0000000   -52.6897    89.7104    53.4249 0.0183 0.0155 0.0188  51912713.3556609   -52.8369    89.4904    53.2704 0.0183 0.0155 0.0188  0.1556610
 51912723.0000000   -58.7422    84.9785    53.3929 0.0183 0.0155 0.0188  51912723.3547039   -58.9473    84.6798    53.1609 0.0183 0.0155 0.0188  0.1547040
 51912733.0000000   -65.0165    80.9424    53.3982 0.0183 0.0154 0.0188  51912733.3554792   -65.2327    80.7184    53.3854 0.0183 0.0154 0.0188  0.1554790
 51912743.0000000   -70.8301    75.6350    53.5837 0.0183 0.0155 0.0188  51912743.3552949   -71.0098    75.4120    53.3955 0.0183 0.0155 0.0188  0.1552950
 51912753.0000000   -74.7660    68.9732    53.4908 0.0183 0.0155 0.0188  51912753.3530290   -74.8184    68.8215    53.5754 0.0183 0.0155 0.0188  0.1530290
 51912763.0000000   -78.0670    63.4037    53.3028 0.0182 0.0154 0.0187  51912763.3515089   -78.2258    63.0803    53.1235 0.0183 0.0155 0.0188  0.1515090
 51912773.0000000   -81.3795    57.6405    53.4216 0.0183 0.0155 0.0188  51912773.3506768   -81.4936    57.3976    53.4677 0.0183 0.0155 0.0188  0.1506770
 51912783.0000000   -84.4437    51.0789    53.3422 0.0183 0.0155 0.0188  51912783.3493450   -84.4871    50.7960    53.3673 0.0183 0.0155 0.0188  0.1493450
 51912793.0000000   -87.4222    45.5478    53.4573 0.0183 0.0154 0.0188  51912793.3493388   -87.5437    45.3064    53.4146 0.0183 0.0154 0.0188  0.1493390
 51912803.0000000   -91.3497    40.7573    53.5785 0.0183 0.0155 0.0188  51912803.3511932   -91.5120    40.6578    53.4106 0.0184 0.0155 0.0189  0.1511930
 51912813.0000000   -96.7492    36.2561    53.5140 0.0183 0.0155 0.0188  51912813.3550491   -96.9003    36.1596    53.5382 0.0183 0.0155 0.0188  0.1550490
 51912823.0000000  -103.5482    31.3682    53.4177 0.0183 0.0154 0.0188  51912823.3607538  -103.6512    31.1887    53.3404 0.0183 0.0155 0.0188  0.1607540
 51912833.0000000  -110.4972    27.6909    53.3747 0.0184 0.0155 0.0189  51912833.3676398  -110.7156    27.5802    53.3850 0.0184 0.0155 0.0189  0.1676400
 51912843.0000000  -116.1951    23.3976    53.4748 0.0184 0.0156 0.0189  51912843.3733451  -116.4502    23.2050    53.4894 0.0184 0.0155 0.0189  0.1733450
 51912853.0000000  -121.0239    17.7804    53.5599 0.0183 0.0155 0.0188  51912853.3779399  -121.1920    17.5453    53.4729 0.0183 0.0155 0.0188  0.1779400
 51912863.0000000  -125.8667    12.6806    53.3879 0.0184 0.0155 0.0189  51912863.3830159  -126.0333    12.5622    53.3824 0.0184 0.0155 0.0189  0.1830160
 51912873.0000000  -131.1262     7.1716    53.0873 0.0185 0.0156 0.0190  51912873.3888659  -131.3335     7.0394    53.3459 0.0184 0.0155 0.0189  0.1888660
 51912883.0000000  -136.8225     1.3547    53.4296 0.0183 0.0155 0.0188  51912883.3957510  -136.9909     1.1708    53.4656 0.0183 0.0155 0.0188  0.1957510
 51912893.0000000  -140.3932    -5.2586    53.3274 0.0188 0.0160 0.0194  51912893.4001839  -140.4518    -5.5632    53.2912 0.0188 0.0160 0.0194  0.2001840
 51912903.0000000  -138.8898   -11.3688    53.5749 0.0184 0.0156 0.0189  51912903.3988221  -138.8427   -11.4518    53.7701 0.0184 0.0155 0.0189  0.1988220
 51912913.0000000  -134.2806   -16.3075    53.1011 0.0184 0.0155 0.0189  51912913.3934288  -134.0579   -16.6897    53.0674 0.0184 0.0155 0.0189  0.1934290
 51912923.0000000  -129.0444   -20.3448    53.4286 0.0184 0.0155 0.0189  51912923.3877728  -128.7072   -20.5038    53.4362 0.0184 0.0155 0.0189  0.1877730
 51912933.0000000  -123.3194   -23.7778    53.4411 0.0184 0.0156 0.0189  51912933.3815641  -122.9588   -23.9819    53.3832 0.0184 0.0155 0.0189  0.1815640
 51912943.0000000  -118.8149   -27.6795    53.5819 0.0184 0.0155 0.0189  51912943.3773260  -118.5919   -27.6788    53.6251 0.0183 0.0155 0.0189  0.1773260
 51912953.0000000  -114.6865   -32.7430    53.3619 0.0184 0.0156 0.0189  51912953.3738830  -114.4559   -33.0861    53.2739 0.0185 0.0156 0.0190  0.1738830
 51912963.0000000  -110.1069   -37.5070    53.3448 0.0184 0.0156 0.0189  51912963.3704460  -110.0456   -37.5750    53.4330 0.0184 0.0156 0.0189  0.1704460
 51912973.0000000  -105.6550   -41.6236    53.7039 0.0184 0.0155 0.0189  51912973.3670788  -105.4681   -41.7205    53.3866 0.0184 0.0155 0.0189  0.1670790
 51912983.0000000  -100.4170   -46.9984    53.4417 0.0184 0.0156 0.0189  51912983.3638568  -100.2427   -47.1966    53.4036 0.0184 0.0156 0.0190  0.1638570
 51912993.0000000   -96.0663   -50.5697    53.2451 0.0184 0.0156 0.0190  51912993.3610859   -95.9758   -50.7876    53.2766 0.0184 0.0156 0.0189  0.1610860
 51913003.0000000   -89.8984   -54.3575    53.3932 0.0184 0.0155 0.0189  51913003.3568819   -89.7051   -54.5242    53.2832 0.0184 0.0155 0.0189  0.1568820
 51913013.0000000   -85.7505   -58.8944    53.4800 0.0184 0.0156 0.0190  51913013.3557768   -85.6094   -59.1083    53.4043 0.0184 0.0156 0.0190  0.1557770
 51913023.0000000   -82.6876   -64.6070    53.5372 0.0184 0.0156 0.0190  51913023.3569529   -82.6104   -64.7606    53.6561 0.0184 0.0156 0.0190  0.1569530
 51913033.0000000   -79.5979   -69.5412    53.3521 0.0184 0.0155 0.0189  51913033.3577700   -79.4635   -69.7819    53.3984 0.0184 0.0155 0.0189  0.1577700
 51913043.0000000   -76.3136   -75.1393    53.3500 0.0185 0.0156 0.0190  51913043.3594098   -76.2293   -75.3385    53.2352 0.0185 0.0156 0.0190  0.1594100
 51913053.0000000   -72.8156   -79.9673    53.4627 0.0184 0.0156 0.0190  51913053.3607490   -72.6803   -80.1333    53.5005 0.0184 0.0156 0.0190  0.1607490
 51913063.0000000   -69.0181   -84.8622    53.3625 0.0184 0.0156 0.0190  51913063.3620908   -68.7983   -85.0628    53.2162 0.0184 0.0156 0.0189  0.1620910
 51913073.0000000   -64.9385   -89.4106    52.9108 0.0194 0.0166 0.0202  51913073.3633261   -64.7664   -89.5938    53.1735 0.0194 0.0167 0.0202  0.1633260
 51913083.0000000   -60.3410   -93.7841    53.6503 0.0185 0.0156 0.0190  51913083.3647959   -60.1549   -93.8660    53.5232 0.0185 0.0156 0.0190  0.1647960
 51913093.0000000   -55.6935   -98.2077    53.5063 0.0184 0.0156 0.0190  51913093.3664131   -55.4908   -98.3505    53.4309 0.0184 0.0156 0.0190  0.1664130
 51913103.0000000   -51.0687  -102.9925    53.4535 0.0194 0.0167 0.0202  51913103.3689198   -50.8833  -103.2343    53.3481 0.0194 0.0167 0.0202  0.1689200
 51913113.0000000   -46.4827  -107.3879    53.3314 0.0185 0.0157 0.0191  51913113.3712888   -46.2548  -107.4836    53.3823 0.0185 0.0156 0.0190  0.1712890
 51913123.0000000   -41.7860  -111.2435    53.2289 0.0184 0.0156 0.0190  51913123.3735952   -41.6411  -111.4719    53.3474 0.0184 0.0156 0.0190  0.1735950
 51913133.0000000   -37.0942  -115.6844    53.5697 0.0185 0.0157 0.0191  51913133.3768122   -36.7290  -115.8079    53.3763 0.0185 0.0157 0.0190  0.1768120
 51913143.0000000   -31.9563  -119.9563    53.4247 0.0185 0.0156 0.0191  51913143.3800960   -31.8485  -120.0010    53.6410 0.0185 0.0156 0.0190  0.1800960
 51913153.0000000   -26.3497  -123.8523    53.1711 0.0184 0.0156 0.0190  51913153.3830810   -26.1034  -124.0761    53.2446 0.0185 0.0156 0.0190  0.1830810
 51913163.0000000   -21.1794  -127.7232    53.1053 0.0185 0.0157 0.0191  51913163.3865619   -20.9375  -128.0215    53.1041 0.0185 0.0157 0.0191  0.1865620
 51913173.0000000   -15.7361  -131.3863    53.1660 0.0185 0.0156 0.0191  51913173.3901320   -15.4433  -131.6732    53.2102 0.0185 0.0157 0.0190  0.1901320
 51913183.0000000    -9.7240  -135.7185    53.4424 0.0185 0.0156 0.0190  51913183.3947849    -9.6911  -135.7323    53.6350 0.0185 0.0157 0.0190  0.1947850
 51913193.0000000    -4.4479  -139.5079    53.4920 0.0185 0.0157 0.0191  51913193.3990810    -4.3311  -139.4008    53.6509 0.0185 0.0157 0.0191  0.1990810
 51913203.0000000     2.3334  -138.1073    53.2251 0.0189 0.0161 0.0196  51913203.3971360     2.5048  -138.0159    53.2605 0.0189 0.0161 0.0196  0.1971360
 51913213.0000000     7.8882  -134.0237    53.3476 0.0189 0.0160 0.0195  51913213.3923082     8.0071  -133.8306    53.3262 0.0189 0.0160 0.0195  0.1923080
 51913223.0000000    13.9533  -129.5414    53.4583 0.0189 0.0161 0.0196  51913223.3874388    14.1958  -129.2491    53.4881 0.0190 0.0161 0.0196  0.1874390
 51913233.0000000    20.3519  -123.9122    53.2303 0.0190 0.0161 0.0196  51913233.3817019    20.5192  -123.8412    53.3734 0.0189 0.0161 0.0196  0.1817020
 51913243.0000000    25.9065  -119.0765    53.4239 0.0189 0.0160 0.0195  51913243.3771429    25.9470  -118.8602    53.5195 0.0189 0.0161 0.0195  0.1771430
 51913253.0000000    31.0477  -113.7562    53.5525 0.0190 0.0161 0.0196  51913253.3722548    31.1186  -113.4080    53.5137 0.0190 0.0162 0.0196  0.1722550
 51913263.0000000    36.7347  -107.6001    53.4101 0.0190 0.0161 0.0196  51913263.3671830    36.9059  -107.2534    53.4606 0.0190 0.0161 0.0196  0.1671830
 51913273.0000000    42.2167  -101.9361    53.4277 0.0189 0.0161 0.0196  51913273.3631642    42.3379  -101.6309    53.5347 0.0177 0.0152 0.0182  0.1631640
 51913283.0000000    47.6373   -96.2434    53.4457 0.0175 0.0151 0.0181  51913283.3596601    47.7609   -95.8618    53.5780 0.0175 0.0151 0.0181  0.1596600
 51913293.0000000    53.7761   -88.9537    53.5684 0.0175 0.0151 0.0181  51913293.3555779    53.9287   -88.6193    53.4504 0.0175 0.0151 0.0181  0.1555780
 51913303.0000000    59.7939   -82.9359    53.3707 0.0175 0.0151 0.0180  51913303.3536608    60.0355   -82.7239    53.4643 0.0175 0.0151 0.0181  0.1536610
 51913313.0000000    65.3509   -76.3838    53.3183 0.0175 0.0151 0.0181  51913313.3515499    65.4967   -76.1967    53.3347 0.0175 0.0151 0.0181  0.1515500
 51913323.0000000    70.8461   -70.8587    53.4434 0.0175 0.0151 0.0181  51913323.3512781    71.1516   -70.6010    53.3776 0.0175 0.0151 0.0181  0.1512780
 51913333.0000000    76.3221   -65.3823    53.2312 0.0175 0.0151 0.0180  51913333.3515208    76.4854   -65.2184    53.3083 0.0175 0.0151 0.0180  0.1515210
 51913343.0000000    81.9265   -59.3471    53.1985 0.0175 0.0151 0.0181  51913343.3522568    82.0547   -59.2368    53.1508 0.0175 0.0151 0.0181  0.1522570
 51913353.0000000    87.1711   -54.1408    53.4822 0.0175 0.0151 0.0181  51913353.3541019    87.3837   -53.9246    53.3483 0.0175 0.0151 0.0181  0.1541020
 51913363.0000000    92.6235   -49.2313    53.4725 0.0175 0.0151 0.0180  51913363.3568048    92.8192   -48.9352    53.5549 0.0175 0.0151 0.0181  0.1568050
 51913373.0000000    98.8624   -43.6393    53.3839 0.0175 0.0151 0.0181  51913373.3605678    99.0651   -43.4301    53.4364 0.0175 0.0151 0.0181  0.1605680
 51913383.0000000   104.4414   -38.4035    53.0865 0.0175 0.0151 0.0181  51913383.3642328   104.5521   -38.2514    53.1898 0.0175 0.0151 0.0181  0.1642330
 51913393.0000000   110.5691   -31.7341    53.4290 0.0175 0.0151 0.0181  51913393.3690081   110.9180   -31.4658    53.3324 0.0175 0.0151 0.0181  0.1690080
 51913413.0000000   121.3130   -20.6448    53.5772 0.0175 0.0151 0.0181  51913413.3790879   121.6609   -20.3517    53.4520 0.0175 0.0151 0.0181  0.1790880
 51913433.0000000   132.1782    -8.9624    53.4842 0.0175 0.0151 0.0181  51913433.3904390   132.3471    -8.6670    53.4544 0.0175 0.0151 0.0181  0.1904390
 51913443.0000000   135.9004    -2.5196    53.5052 0.0175 0.0151 0.0181  51913443.3945680   135.8814    -2.2821    53.5976 0.0175 0.0151 0.0181  0.1945680
 51913453.0000000   133.2431     2.5273    53.4205 0.0175 0.0151 0.0181  51913453.3910880   133.0900     2.8166    53.4218 0.0175 0.0151 0.0181  0.1910880
 51913463.0000000   127.8582     7.3652    53.1154 0.0175 0.0151 0.0181  51913463.3845310   127.6788     7.4738    53.1907 0.0175 0.0151 0.0181  0.1845310
 51913473.0000000   121.3713    12.1818    53.2239 0.0175 0.0151 0.0181  51913473.3771288   121.1926    12.2900    53.1678 0.0175 0.0151 0.0181  0.1771290
 51913483.0000000   114.5135    17.1356    53.3760 0.0175 0.0151 0.0181  51913483.3696790   114.2993    17.3048    53.3781 0.0175 0.0151 0.0181  0.1696790
 51913493.0000000   109.0639    22.8620    53.4653 0.0175 0.0151 0.0181  51913493.3645751   108.8474    23.1053    53.6617 0.0175 0.0151 0.0181  0.1645750
 51913503.0000000   103.0833    30.4676    53.2185 0.0175 0.0151 0.0181  51913503.3597138   102.8914    30.6209    53.3072 0.0175 0.0151 0.0181  0.1597140
 51913513.0000000    98.4541    37.8593    53.3943 0.0175 0.0151 0.0181  51913513.3574209    98.2570    38.0891    53.3359 0.0175 0.0151 0.0181  0.1574210
 51913523.0000000    94.9893    45.0671    53.3540 0.0175 0.0152 0.0181  51913523.3571248    94.9071    45.3063    53.4588 0.0175 0.0151 0.0181  0.1571250
 51913533.0000000    90.2818    51.1965    53.3794 0.0175 0.0151 0.0181  51913533.3554049    90.0728    51.3963    53.3821 0.0175 0.0151 0.0181  0.1554050
 51913543.0000000    84.4561    56.1478    53.3709 0.0175 0.0151 0.0181  51913543.3525958    84.2016    56.4246    53.3462 0.0175 0.0151 0.0181  0.1525960
 51913553.0000000    79.1976    61.3603    53.3866 0.0175 0.0151 0.0181  51913553.3512552    79.0671    61.5757    53.4351 0.0175 0.0151 0.0181  0.1512550
 51913563.0000000    73.5742    67.8302    53.2791 0.0175 0.0151 0.0181  51913563.3510568    73.3530    68.1157    53.1795 0.0175 0.0151 0.0181  0.1510570
 51913573.0000000    67.3104    75.4891    53.2633 0.0175 0.0151 0.0181  51913573.3523140    67.1841    75.6303    53.3299 0.0175 0.0151 0.0181  0.1523140
 51913583.0000000    61.3116    80.1067    53.2532 0.0175 0.0151 0.0181  51913583.3519371    61.0990    80.2429    53.2683 0.0175 0.0151 0.0181  0.1519370
 51913593.0000000    54.3398    84.5999    53.6477 0.0175 0.0151 0.0181  51913593.3518531    54.0208    84.9288    53.6278 0.0175 0.0151 0.0181  0.1518530
 51913603.0000000    47.3910    89.5685    53.1526 0.0175 0.0151 0.0181  51913603.3524828    47.3832    89.6250    53.2518 0.0175 0.0151 0.0181  0.1524830
 51913613.0000000    41.3283    95.2007    53.3575 0.0175 0.0151 0.0181  51913613.3554778    40.9692    95.4739    53.2732 0.0175 0.0152 0.0181  0.1554780
 51913623.0000000    35.5328   101.2804    53.1610 0.0175 0.0151 0.0181  51913623.3595369    35.3626   101.4426    53.1575 0.0175 0.0151 0.0181  0.1595370
 51913643.0000000    26.1110   115.5241    53.3794 0.0175 0.0152 0.0182  51913643.3732438    25.9025   115.8873    53.3011 0.0175 0.0153 0.0182  0.1732440
 51913653.0000000    21.2588   122.3878    53.4701 0.0175 0.0151 0.0182  51913653.3801069    21.0852   122.5598    53.4432 0.0175 0.0151 0.0182  0.1801070
 51913663.0000000    14.9318   126.5697    53.1996 0.0175 0.0151 0.0181  51913663.3839419    14.6230   126.7063    53.2051 0.0175 0.0151 0.0181  0.1839420
 51913673.0000000     8.0832   130.7587    53.4587 0.0175 0.0151 0.0182  51913673.3884668     7.7555   130.9325    53.4021 0.0175 0.0151 0.0182  0.1884670
 51913683.0000000     1.4121   132.3082    53.2023 0.0175 0.0152 0.0182  51913683.3899281     1.3810   132.2697    53.2041 0.0175 0.0151 0.0182  0.1899280
 51913693.0000000    -6.9200   129.2362    52.9916 0.0176 0.0151 0.0182  51913693.3860710    -6.9781   129.0361    53.1572 0.0176 0.0152 0.0182  0.1860710
 51913703.0000000   -13.4174   125.5806    53.2480 0.0176 0.0152 0.0182  51913703.3822429   -13.6679   125.2536    53.1116 0.0176 0.0152 0.0182  0.1822430
 51913713.0000000   -20.4930   122.0524    53.5619 0.0175 0.0151 0.0182  51913713.3795359   -20.7783   122.0253    53.4762 0.0175 0.0151 0.0182  0.1795360
 51913723.0000000   -27.0454   117.0523    53.5117 0.0175 0.0151 0.0181  51913723.3749928   -27.1901   116.9120    53.3971 0.0175 0.0151 0.0181  0.1749930
 51913733.0000000   -31.9448   112.6414    53.4344 0.0175 0.0152 0.0182  51913733.3713460   -32.1021   112.6096    53.4688 0.0176 0.0152 0.0182  0.1713460
 51913743.0000000   -37.5692   108.3404    53.4745 0.0175 0.0152 0.0182  51913743.3683748   -37.7865   108.2121    53.3872 0.0176 0.0152 0.0182  0.1683750
 51913753.0000000   -43.3867   103.5649    53.4868 0.0175 0.0151 0.0182  51913753.3655510   -43.6428   103.4513    53.3760 0.0175 0.0151 0.0182  0.1655510
 51913763.0000000   -49.4856    99.4035    53.4184 0.0176 0.0152 0.0182  51913763.3639512   -49.6870    99.1940    53.3812 0.0176 0.0152 0.0182  0.1639510
 51913773.0000000   -54.5894    92.8252    53.5748 0.0175 0.0152 0.0182  51913773.3600538   -54.6549    92.6807    53.5345 0.0175 0.0152 0.0182  0.1600540
 51913783.0000000   -56.6136    86.2225    52.9534 0.0176 0.0152 0.0182  51913783.3543990   -56.6705    86.0890    53.1453 0.0175 0.0151 0.0182  0.1543990
 51913793.0000000   -58.9367    80.6237    53.2321 0.0176 0.0152 0.0182  51913793.3506732   -58.9963    80.4859    53.4014 0.0175 0.0152 0.0182  0.1506730
 51913803.0000000   -62.8440    75.6511    53.2244 0.0176 0.0152 0.0182  51913803.3488569   -62.9736    75.3925    53.3616 0.0175 0.0152 0.0182  0.1488570
 51913813.0000000   -66.6776    70.4444    53.4623 0.0175 0.0151 0.0182  51913813.3474250   -66.8099    70.2370    53.4366 0.0175 0.0151 0.0182  0.1474250
 51913823.0000000   -70.8161    64.7554    53.1537 0.0175 0.0152 0.0182  51913823.3460100   -70.9077    64.5151    53.1695 0.0176 0.0152 0.0183  0.1460100
 51913833.0000000   -75.2914    59.8185    53.3896 0.0175 0.0152 0.0182  51913833.3464899   -75.4207    59.7226    53.4766 0.0176 0.0152 0.0182  0.1464900
 51913843.0000000   -80.7360    53.4058    53.2178 0.0175 0.0152 0.0182  51913843.3471279   -80.7659    53.3106    53.4253 0.0175 0.0152 0.0182  0.1471280
 51913853.0000000   -86.0206    48.7103    53.1798 0.0176 0.0152 0.0183  51913853.3495359   -86.2072    48.5007    53.3296 0.0176 0.0152 0.0182  0.1495360
 51913863.0000000   -91.2767    44.2822    53.3997 0.0184 0.0161 0.0193  51913863.3527169   -91.4411    44.1195    53.3731 0.0184 0.0161 0.0193  0.1527170
 51913873.0000000   -96.6640    40.4604    53.3655 0.0176 0.0152 0.0182  51913873.3566611   -96.8192    40.3766    53.3596 0.0176 0.0152 0.0182  0.1566610
 51913883.0000000  -102.2914    36.3226    53.1392 0.0185 0.0162 0.0194  51913883.3611109  -102.4866    36.2584    53.3433 0.0185 0.0162 0.0193  0.1611110
 51913893.0000000  -107.9900    32.3188    53.3910 0.0185 0.0162 0.0193  51913893.3661900  -108.1357    32.3661    53.5203 0.0185 0.0161 0.0193  0.1661900
 51913903.0000000  -114.2322    28.1707    53.1847 0.0176 0.0152 0.0182  51913903.3720229  -114.3968    27.9769    53.1712 0.0176 0.0152 0.0182  0.1720230
 51913913.0000000  -120.4729    24.8716    53.0859 0.0185 0.0163 0.0194  51913913.3784211  -120.6620    24.5277    53.0255 0.0186 0.0162 0.0194  0.1784210
 51913923.0000000  -126.4019    19.5489    53.2965 0.0185 0.0162 0.0193  51913923.3845830  -126.5309    19.3510    53.3225 0.0185 0.0162 0.0193  0.1845830
 51913933.0000000  -130.8025    15.4323    53.4430 0.0176 0.0152 0.0182  51913933.3893938  -130.9827    15.2978    53.5716 0.0176 0.0152 0.0182  0.1893940
 51913943.0000000  -135.3278    10.4078    53.4389 0.0176 0.0152 0.0183  51913943.3943770  -135.5773    10.0356    53.3246 0.0176 0.0152 0.0183  0.1943770
 51913953.0000000  -139.6619     4.6110    53.1873 0.0176 0.0152 0.0183  51913953.3991308  -139.7300     4.2283    53.1048 0.0176 0.0152 0.0183  0.1991310
 51913963.0000000  -138.9403    -2.5144    53.4710 0.0176 0.0152 0.0183  51913963.3980649  -138.7593    -2.7223    53.3468 0.0176 0.0152 0.0183  0.1980650
 51913973.0000000  -134.6114    -7.5959    53.3377 0.0176 0.0153 0.0183  51913973.3930719  -134.5679    -7.6774    53.5078 0.0176 0.0153 0.0183  0.1930720
 51913983.0000000  -129.8188   -11.5114    53.0806 0.0176 0.0152 0.0183  51913983.3873398  -129.6500   -11.6387    53.2171 0.0176 0.0152 0.0183  0.1873400
 51913993.0000000  -124.4051   -14.9746    53.1865 0.0176 0.0152 0.0183  51913993.3811538  -124.2858   -15.3009    53.1081 0.0176 0.0152 0.0183  0.1811540
 51914003.0000000  -121.0217   -20.1839    53.2373 0.0176 0.0152 0.0183  51914003.3779321  -120.8008   -20.5095    53.0503 0.0176 0.0154 0.0184  0.1779320
 51914013.0000000  -117.0237   -25.5282    53.2789 0.0176 0.0152 0.0183  51914013.3744559  -116.8751   -25.6942    53.2439 0.0176 0.0152 0.0183  0.1744560
 51914023.0000000  -113.0387   -30.1920    53.4246 0.0176 0.0152 0.0183  51914023.3711529  -112.8943   -30.4034    53.3129 0.0176 0.0152 0.0183  0.1711530
 51914033.0000000  -109.1309   -34.3652    53.4438 0.0176 0.0152 0.0183  51914033.3680210  -108.9595   -34.5124    53.3389 0.0176 0.0152 0.0183  0.1680210
 51914043.0000000  -104.8274   -38.4751    53.3173 0.0176 0.0153 0.0183  51914043.3646579  -104.6302   -38.6499    53.2681 0.0176 0.0153 0.0183  0.1646580
 51914053.0000000  -100.1892   -42.1269    53.1855 0.0176 0.0152 0.0183  51914053.3610742   -99.9836   -42.3318    53.3155 0.0176 0.0152 0.0183  0.1610740
 51914063.0000000   -94.7692   -45.2015    53.3126 0.0176 0.0153 0.0183  51914063.3566172   -94.4502   -45.4002    53.1743 0.0176 0.0153 0.0183  0.1566170
 51914084.0000000   -86.8205   -55.8172    53.4784 0.0176 0.0153 0.0183  51914084.3547392   -86.6722   -55.8489    53.5882 0.0177 0.0153 0.0184  0.1547390
 51914094.0000000   -83.0929   -61.6242    53.1345 0.0177 0.0153 0.0184  51914094.3548708   -82.9172   -61.7428    53.2774 0.0177 0.0153 0.0184  0.1548710
 51914104.0000000   -78.8762   -66.1609    53.3069 0.0177 0.0153 0.0184  51914104.3543448   -78.7382   -66.2784    53.3736 0.0177 0.0153 0.0184  0.1543450
 51914114.0000000   -74.1249   -70.7906    53.3484 0.0177 0.0152 0.0184  51914114.3538518   -73.9047   -70.9463    53.3827 0.0177 0.0152 0.0184  0.1538520
 51914124.0000000   -69.6500   -75.0152    53.3383 0.0177 0.0153 0.0184  51914124.3536448   -69.4262   -75.1283    53.2649 0.0177 0.0153 0.0184  0.1536450
 51914134.0000000   -65.1600   -79.0107    53.2684 0.0177 0.0153 0.0184  51914134.3537452   -65.0539   -79.0541    53.4955 0.0177 0.0153 0.0184  0.1537450
 51914144.0000000   -59.3301   -83.0521    53.2391 0.0177 0.0153 0.0184  51914144.3533020   -59.1648   -83.1295    53.3495 0.0177 0.0153 0.0184  0.1533020
 51914154.0000000   -53.7076   -86.1601    52.9430 0.0178 0.0153 0.0185  51914154.3526289   -53.5219   -86.3946    53.1432 0.0178 0.0153 0.0185  0.1526290
 51914164.0000000   -49.6773   -91.2058    53.4239 0.0177 0.0153 0.0184  51914164.3555429   -49.4498   -91.4018    53.3244 0.0177 0.0153 0.0184  0.1555430
 51914174.0000000   -46.3607   -95.7719    53.2090 0.0177 0.0153 0.0184  51914174.3585250   -46.2716   -96.0071    53.1634 0.0177 0.0153 0.0184  0.1585250
 51914184.0000000   -42.6311  -100.8982    53.3535 0.0177 0.0153 0.0184  51914184.3623250   -42.5463  -101.0026    53.5096 0.0177 0.0153 0.0184  0.1623250
 51914194.0000000   -38.8688  -106.2041    53.3825 0.0177 0.0153 0.0184  51914194.3666139   -38.7968  -106.3525    53.4223 0.0177 0.0153 0.0184  0.1666140
 51914204.0000000   -34.7172  -110.4716    53.1554 0.0177 0.0153 0.0184  51914204.3697720   -34.5237  -110.7975    52.9638 0.0177 0.0153 0.0184  0.1697720
 51914214.0000000   -29.8368  -115.6021    53.3331 0.0177 0.0153 0.0185  51914214.3741899   -29.6166  -115.7208    53.4136 0.0177 0.0153 0.0185  0.1741900
 51914224.0000000   -24.2797  -121.0733    53.4489 0.0178 0.0153 0.0185  51914224.3792460   -24.1294  -121.1669    53.5840 0.0177 0.0153 0.0185  0.1792460
 51914234.0000000   -19.6701  -126.8800    53.2980 0.0177 0.0153 0.0184  51914234.3852198   -19.5118  -127.1127    53.1910 0.0177 0.0153 0.0184  0.1852200
 51914244.0000000   -15.3677  -131.3918    53.2902 0.0178 0.0153 0.0185  51914244.3900249   -15.1403  -131.6229    53.1472 0.0178 0.0154 0.0185  0.1900250
 51914254.0000000   -10.8900  -135.5118    53.1484 0.0178 0.0154 0.0185  51914254.3944399   -10.8028  -135.5594    53.5074 0.0178 0.0154 0.0185  0.1944400
 51914264.0000000    -4.0380  -139.5824    53.2565 0.0177 0.0153 0.0185  51914264.3990700    -3.8018  -139.6142    53.4169 0.0177 0.0153 0.0184  0.1990700
 51914274.0000000     3.7795  -136.9424    53.3795 0.0178 0.0154 0.0185  51914274.3955548     3.9374  -136.6826    53.3024 0.0178 0.0154 0.0185  0.1955550
 51914284.0000000    10.1989  -131.1388    53.2431 0.0178 0.0154 0.0185  51914284.3887389    10.4313  -130.8207    53.2186 0.0178 0.0154 0.0185  0.1887390
 51914294.0000000    16.1935  -124.5818    53.2447 0.0178 0.0154 0.0185  51914294.3815131    16.4764  -124.3490    53.2155 0.0178 0.0154 0.0185  0.1815130
 51914304.0000000    21.1455  -117.8551    53.5006 0.0186 0.0159 0.0193  51914304.3743930    21.4259  -117.5515    53.3158 0.0186 0.0159 0.0193  0.1743930
 51914314.0000000    26.5767  -110.5552    53.5442 0.0186 0.0159 0.0193  51914314.3671081    26.7707  -110.1742    53.5301 0.0186 0.0159 0.0193  0.1671080
 51914324.0000000    31.7273  -102.7421    53.3936 0.0185 0.0159 0.0193  51914324.3596668    31.8778  -102.3842    53.3658 0.0185 0.0159 0.0193  0.1596670
 51914334.0000000    38.0411   -97.5450    53.2010 0.0186 0.0159 0.0193  51914334.3564138    38.2943   -97.4741    53.2817 0.0186 0.0159 0.0193  0.1564140
 51914344.0000000    44.9829   -93.7858    53.1730 0.0186 0.0159 0.0193  51914344.3555448    45.1532   -93.5588    53.3200 0.0186 0.0159 0.0193  0.1555450
 51914354.0000000    52.4637   -88.7266    53.2225 0.0186 0.0159 0.0193  51914354.3545241    52.6782   -88.6490    53.2480 0.0186 0.0159 0.0193  0.1545240
 51914364.0000000    59.4757   -84.8126    53.3333 0.0186 0.0159 0.0194  51914364.3551388    59.7263   -84.6206    53.3156 0.0186 0.0159 0.0194  0.1551390
 51914374.0000000    65.8937   -80.9280    53.2568 0.0186 0.0159 0.0194  51914374.3559599    66.1290   -80.7203    53.0762 0.0186 0.0159 0.0194  0.1559600
 51914384.0000000    72.4525   -76.2328    53.4649 0.0186 0.0159 0.0194  51914384.3570788    72.8103   -75.9841    53.2896 0.0186 0.0159 0.0194  0.1570790
 51914394.0000000    78.8276   -70.4924    53.2181 0.0186 0.0159 0.0194  51914394.3577411    79.1485   -70.2829    53.3019 0.0186 0.0159 0.0194  0.1577410
 51914404.0000000    85.8897   -64.3998    53.3414 0.0186 0.0159 0.0194  51914404.3596609    86.1949   -64.2227    53.2425 0.0186 0.0159 0.0194  0.1596610
 51914414.0000000    91.5039   -59.0168    53.3126 0.0186 0.0159 0.0194  51914414.3614490    91.7495   -58.7447    53.3000 0.0186 0.0159 0.0194  0.1614490
 51914424.0000000    97.0714   -53.2712    53.3550 0.0186 0.0159 0.0194  51914424.3636968    97.3693   -53.0906    53.2227 0.0187 0.0160 0.0195  0.1636970
 51914434.0000000   102.9951   -47.1356    53.3614 0.0186 0.0160 0.0194  51914434.3666990   103.1574   -46.8557    53.2971 0.0186 0.0160 0.0194  0.1666990
 51914444.0000000   108.7154   -40.6394    53.1510 0.0186 0.0159 0.0194  51914444.3699820   108.8783   -40.5315    53.1405 0.0186 0.0159 0.0194  0.1699820
 51914454.0000000   114.4878   -34.7083    53.1766 0.0187 0.0160 0.0195  51914454.3744149   114.7929   -34.6053    53.1127 0.0187 0.0160 0.0195  0.1744150
 51914464.0000000   119.7878   -28.0258    53.2966 0.0186 0.0160 0.0195  51914464.3784790   119.9224   -27.7040    53.2554 0.0187 0.0160 0.0195  0.1784790
 51914474.0000000   125.4796   -20.8534    53.2302 0.0186 0.0160 0.0194  51914474.3836031   125.6399   -20.5894    53.2366 0.0186 0.0160 0.0194  0.1836030
 51914484.0000000   130.5113   -13.0768    53.2130 0.0187 0.0160 0.0195  51914484.3888109   130.7198   -12.9323    52.9784 0.0187 0.0160 0.0195  0.1888110
 51914494.0000000   135.5652    -6.4249    53.3276 0.0187 0.0160 0.0195  51914494.3944290   135.7180    -6.1484    53.3077 0.0187 0.0160 0.0195  0.1944290
 51914504.0000000   138.0219     2.1675    53.2518 0.0187 0.0160 0.0195  51914504.3969138   137.9115     2.3504    53.2019 0.0186 0.0160 0.0194  0.1969140
 51914514.0000000   132.8855     7.3951    53.3314 0.0187 0.0161 0.0195  51914514.3905811   132.4605     7.6699    53.2750 0.0187 0.0161 0.0195  0.1905810
 51914524.0000000   124.7052    10.3413    53.1417 0.0187 0.0160 0.0195  51914524.3808100   124.3485    10.4311    53.2195 0.0187 0.0160 0.0195  0.1808100
 51914534.0000000   115.5439    14.6926    53.0497 0.0187 0.0160 0.0195  51914534.3702199   115.2728    14.6875    53.0863 0.0187 0.0160 0.0195  0.1702200
 51914544.0000000   109.4842    18.7154    53.4643 0.0187 0.0160 0.0195  51914544.3639009   109.1866    18.9548    53.3305 0.0187 0.0160 0.0195  0.1639010
 51914554.0000000   103.8654    24.7323    53.4942 0.0187 0.0160 0.0195  51914554.3588872   103.6615    25.0191    53.4184 0.0187 0.0161 0.0195  0.1588870
 51914564.0000000    99.2979    31.7079    53.2847 0.0187 0.0161 0.0195  51914564.3556631    98.9283    31.9774    53.2674 0.0187 0.0160 0.0195  0.1556630
 51914574.0000000    92.3217    36.8126    53.0681 0.0188 0.0160 0.0196  51914574.3499429    92.1138    36.8024    53.2138 0.0188 0.0160 0.0196  0.1499430
 51914584.0000000    84.8576    42.1835    53.3975 0.0187 0.0160 0.0196  51914584.3447528    84.6151    42.4569    53.4129 0.0187 0.0160 0.0196  0.1447530
 51914594.0000000    79.7991    47.7766    53.2431 0.0187 0.0160 0.0196  51914594.3427410    79.6796    47.9572    53.3925 0.0187 0.0160 0.0196  0.1427410
 51914614.0000000    81.6949    63.3197    53.2891 0.0188 0.0161 0.0196  51914614.3549852    81.9729    63.4085    53.2522 0.0188 0.0161 0.0196  0.1549850
 51914624.0000000    88.8793    66.7007    53.1714 0.0187 0.0161 0.0196  51914624.3641732    89.2529    66.6754    53.1272 0.0187 0.0161 0.0196  0.1641730
 51914634.0000000    96.1691    68.0452    53.2225 0.0188 0.0161 0.0196  51914634.3722920    96.5456    68.1080    53.0708 0.0188 0.0161 0.0196  0.1722920
 51914644.0000000   102.8373    70.1845    53.1995 0.0188 0.0161 0.0196  51914644.3804710   103.2014    70.3363    53.2296 0.0188 0.0161 0.0196  0.1804710
 51914674.0000000   125.3969    80.1186    53.3764 0.0188 0.0161 0.0197  51914674.4107032   125.8676    80.1417    53.2835 0.0188 0.0161 0.0197  0.2107030
