# Generated random noise (unit: m): N  E  U
-0.007 -0.001 -0.093
-0.009 -0.001  0.063
-0.012  0.012 -0.047
 0.022 -0.015 -0.053
-0.001 -0.012 -0.019
 0.004  0.026  0.068
-0.019  0.034 -0.023
-0.036 -0.015 -0.033
-0.010  0.005  0.056
-0.005 -0.018  0.006
-0.016 -0.014  0.035
 0.006  0.005  0.019
 0.004  0.020  0.020
-0.000  0.003  0.009
 0.024 -0.019  0.013
 0.010  0.019 -0.003
 0.016  0.001  0.045
 0.004 -0.023  0.080
-0.013 -0.001  0.026
-0.011  0.007 -0.002
 0.016  0.007  0.016
-0.002  0.016  0.036
 0.019  0.012 -0.015
-0.008 -0.018  0.016
 0.020 -0.021  0.080
 0.010 -0.001 -0.029
-0.000 -0.036  0.072
 0.000  0.003  0.013
-0.026 -0.013  0.063
-0.011 -0.011  0.048
-0.025 -0.008  0.009
-0.001  0.013 -0.005
 0.024 -0.013 -0.025
 0.012  0.027  0.010
-0.001 -0.008 -0.047
 0.002  0.021 -0.025
 0.002 -0.010  0.076
 0.010  0.012  0.007
 0.000 -0.006  0.046
 0.033 -0.005 -0.097
-0.015 -0.002 -0.096
-0.020  0.014 -0.027
 0.022  0.013 -0.009
 0.028 -0.010 -0.017
 0.021  0.026 -0.077
 0.013 -0.003 -0.052
 0.007 -0.006 -0.017
 0.020  0.031 -0.099
 0.003 -0.015 -0.057
 0.007  0.024  0.047
 0.033  0.001 -0.029
 0.027  0.007 -0.043
-0.021  0.002  0.016
-0.013 -0.040  0.071
-0.025  0.013  0.045
-0.006 -0.019 -0.013
 0.001  0.001 -0.048
-0.015 -0.011 -0.050
-0.023 -0.018 -0.016
 0.024  0.009  0.005
 0.006 -0.006  0.047
 0.006  0.008 -0.002
 0.001  0.019 -0.004
 0.004 -0.016 -0.012
 0.013  0.026  0.002
 0.017  0.019 -0.028
-0.002  0.012 -0.068
 0.002  0.003 -0.056
-0.002  0.005 -0.044
 0.009 -0.007 -0.001
 0.029  0.018 -0.061
 0.010 -0.015  0.011
 0.013 -0.034  0.014
-0.020  0.017  0.009
 0.014 -0.008 -0.034
-0.019  0.001 -0.014
-0.013  0.016  0.054
 0.010  0.024 -0.021
 0.002 -0.028  0.019
-0.009 -0.007  0.014
 0.009  0.015 -0.065
-0.000 -0.004  0.029
-0.011 -0.018 -0.073
-0.030 -0.013 -0.040
 0.001  0.006 -0.079
 0.003  0.006 -0.031
-0.015 -0.037  0.012
-0.014 -0.006 -0.023
-0.001  0.004 -0.044
-0.016 -0.010  0.036
-0.012 -0.016  0.052
-0.026 -0.017 -0.023
-0.003 -0.001  0.050
 0.007 -0.022 -0.011
-0.005  0.005  0.032
 0.003 -0.009  0.035
-0.018  0.027  0.030
-0.014 -0.001 -0.021
 0.005  0.001  0.027
 0.026  0.015 -0.008
 0.009 -0.019 -0.045
 0.004  0.002 -0.076
 0.007  0.010  0.015
 0.010  0.011  0.003
-0.021 -0.012 -0.033
-0.020 -0.012  0.060
-0.008  0.037 -0.044
 0.001  0.008 -0.041
 0.015  0.017 -0.017
 0.008 -0.034 -0.043
 0.001  0.020  0.027
 0.013  0.031 -0.048
-0.009  0.006 -0.077
-0.015 -0.007 -0.041
-0.009  0.012 -0.011
 0.022 -0.005  0.021
 0.002  0.037  0.022
 0.008 -0.027  0.013
 0.004 -0.007 -0.016
 0.007 -0.018  0.038
-0.009  0.022  0.046
-0.025 -0.008 -0.047
-0.009 -0.008 -0.024
 0.004  0.006 -0.103
 0.011 -0.006 -0.008
-0.002 -0.045  0.033
 0.002 -0.019  0.075
-0.010 -0.002  0.032
-0.002  0.013 -0.016
 0.018 -0.008  0.030
-0.019  0.025 -0.077
-0.018 -0.013  0.043
-0.006 -0.011  0.041
-0.003  0.009  0.020
 0.014 -0.053 -0.038
 0.026  0.021  0.029
-0.008 -0.014  0.086
 0.007  0.005 -0.000
-0.004 -0.007 -0.020
 0.001 -0.020 -0.037
 0.014 -0.017 -0.048
-0.005 -0.009  0.061
 0.001 -0.001  0.026
 0.018  0.028  0.043
-0.003  0.005  0.005
 0.017  0.006 -0.029
 0.002 -0.015  0.017
 0.011 -0.017  0.045
 0.005 -0.006 -0.002
 0.013  0.014 -0.008
 0.017 -0.006 -0.027
 0.013 -0.006 -0.007
